16388 32527 
14691 14692 14710 14717 14723 
14691 14696 14717 14723 
10530 10531 10535 
14690 14691 14692 14717 14718 14723 
14690 14692 14710 14718 
14690 14695 14696 14710 
14690 14696 14718 
14690 14710 14712 14718 
14690 14710 14717 14718 14723 
14690 14711 14712 14717 14718 14723 
14698 14711 14712 14717 14723 
32722 32723 32731 
14695 14696 14712 
14695 14697 14717 
14695 14698 14712 
14695 14710 14711 14717 
14695 14710 14712 
14695 14711 14712 14717 14723 
32694 32731 
14689 14690 14692 14712 14718 
14689 14691 14692 14711 14712 14717 14718 14723 
14689 14692 14695 14712 
14689 14692 14710 14711 14712 14717 14723 
14689 14695 14696 14710 
14697 14717 14723 
20249 20251 20252 25123 25124 25722 
14688 14689 14690 14696 14710 
14688 14689 14692 14711 14712 14717 14723 
14688 14689 14695 14696 
14688 14689 14695 14710 
14688 14695 14696 14710 
14696 14710 14711 14712 14717 14723 
14696 14710 14712 14718 
14696 14711 14712 14717 14718 14723 
20248 20251 20252 24083 25722 
32528 32722 
32528 32731 
14710 14711 14712 14717 14718 14723 
