181 286 
661 26843 
693 17319 25967 
693 25921 25967 
2861 2868 2887 4269 22977 22985 23005 26935 26936 30899 30925 
2861 2868 4405 4432 22985 23005 26924 
2861 2868 22087 22985 23005 
2861 2875 3625 4538 4561 12670 14485 22087 26919 26935 26936 27205 30899 30925 
2861 2875 4269 23005 28512 
2861 2875 23009 
2861 2878 22995 
2861 2886 4432 4434 26935 26936 30899 30925 
2861 2889 26935 26936 26938 30899 30925 
2861 2889 30901 
2861 2889 8895 30971 
2861 3625 14485 14514 23009 
2861 3625 14485 20409 23007 
2861 4163 
2861 4424 23005 
2861 11138 
2861 22087 22092 
3181 3247 
3237 30316 
3253 3258 
3629 4550 26936 
3629 8880 26936 
3629 14492 
3629 20392 
3629 22092 26936 
3629 22977 22985 26936 
3629 23327 
3629 26934 
3629 14511 26935 26936 
4157 4170 4762 13553 
4157 14481 14485 
4245 4254 4284 
4245 4268 4272 8880 26936 
4245 4285 4405 
4285 4405 4447 
4285 22893 
4285 4405 4432 26924 26935 26936 
4285 4432 26935 26936 30899 
4285 4405 8880 26936 
4285 22092 26935 26936 30899 
4285 4561 22106 26919 26935 26936 
4285 26932 26936 
4285 22109 26935 26936 26938 
4285 26935 26936 30899 30925 
4285 26935 26936 30901 
4285 27180 
4285 27205 
4285 30899 30901 
4285 26938 30899 30925 
4405 4423 
4405 4432 4436 26924 
4405 4432 4447 8880 26924 26935 26936 
4405 4432 8875 26924 26935 26936 
4405 4432 26924 26935 26936 30899 
4405 4447 8896 
4405 4447 30899 
4405 8881 
4405 8884 26924 
5061 5072 
5125 5156 
5957 14304 
6621 6623 
6621 6624 
9453 9475 
9453 18643 
9453 18647 
9549 32438 
10765 10769 
10765 10771 10810 
10765 10806 
10765 10808 
11509 11522 
11861 11862 
11909 11919 11920 14817 
11909 11920 11921 11922 12471 14820 27875 
11909 11920 11921 11922 14817 14820 27875 
11909 11920 11921 11922 14819 14820 27875 30266 
11909 11920 11922 12471 14817 14820 27875 
11909 11920 11922 12471 14819 14820 27875 30266 
11909 11920 11922 14807 14820 27875 
11909 11920 11922 14817 14819 14820 27875 30266 
11909 11920 11922 14819 14820 27873 27875 30266 
11909 11920 14816 14817 
11909 11920 14817 14829 
11909 11920 14817 25453 
11909 11920 14819 14830 
11909 12464 12471 14820 
11909 14807 14817 14820 15906 
11909 14807 14819 14820 30266 
11909 14807 14820 15899 
11909 12471 14817 14819 14820 30266 
13349 13482 
13469 17365 
13469 30237 
13597 23390 
13597 28595 
13981 13983 13984 
13981 13983 13985 
13981 13983 14029 
13981 13983 14030 
13981 13983 14094 
14029 14030 
14029 14118 
14269 27998 
14485 14492 20385 22977 22985 26919 26925 26935 26936 
14485 14492 22991 
14485 19644 
14485 20385 20401 
14485 22092 22977 22985 26919 26925 26935 26936 
14485 22882 22892 22977 22985 26919 26925 26935 26936 
14485 23007 23009 
14485 23007 28513 30971 
14709 14710 14711 14712 14717 14723 
14829 14830 
14829 27873 
14829 27875 
15477 26919 26938 27382 27384 28502 28512 30925 
16205 20409 
16389 16394 16398 32580 32698 32700 32701 32722 32723 32731 
16389 16396 16398 32690 32692 32722 32723 32731 
16389 16396 16398 32698 32722 32723 32731 
16389 16396 16398 32692 32694 32722 32723 32731 
16389 16398 16399 32694 32722 32723 32731 
16389 16398 16399 32690 32722 32723 32731 
16389 16398 16399 32698 32722 32723 32731 
16389 16398 32690 32692 32693 32698 32722 32723 32731 
16389 16398 32690 32693 32694 32698 32722 32723 32731 
16389 16398 32690 32692 32694 32722 32723 32731 
16389 16398 24642 32698 32722 32723 32731 
16389 16398 32692 32694 32698 32722 32723 32731 
17341 17346 
17341 17350 
17341 17393 
17341 28344 
17365 17432 
18853 28176 
20141 20221 
20221 20228 
20253 25723 
20669 20671 
21861 25921 
21861 25964 
22893 26919 26924 26936 28320 
23445 23597 
24317 32528 32529 32693 32698 32722 
25453 25456 
25917 25948 
25917 25975 
25917 26020 
25917 28384 
25917 28399 
26837 26870 
26837 26877 28384 
26837 28349 
26837 28392 
27061 29233 
27381 27382 27384 28512 30925 
27381 27382 30899 
28613 30971 
30837 31910 
30925 30971 
32269 32722 32723 32731 
32493 32495 32496 32624 32690 32693 32694 32703 32722 32729 32731 
32581 32584 32689 32693 32700 32704 
185 7488 
345 371 9263 
1529 27382 
3193 3216 
3193 3252 
3193 3255 13362 14304 
3193 3273 17319 
3193 17380 
3273 26020 
3625 3629 
3625 4163 
3625 4285 12670 22087 22092 26936 
3625 14481 14485 
3625 14485 20385 
3625 14485 22087 22092 22106 26919 26935 26936 27205 
3625 4267 22087 22092 26936 
3625 4272 22087 22092 26936 
3625 22087 22092 22977 22985 26936 
3625 4272 22087 22977 22985 26936 
3625 8880 22087 22977 22985 26936 
3625 22087 22977 22985 23339 26936 
3625 22087 22977 22985 26932 26936 
3625 22993 
3625 4186 23007 
3625 12671 13597 23007 23339 23346 
4089 10770 10881 10904 
4185 4285 
4185 22893 
4265 4285 30899 
4273 4285 
4449 30901 
4449 30925 
4553 8885 
4553 22099 23333 
4553 22991 
4561 4564 26919 26935 26936 26938 
4561 26919 26925 26935 26936 28311 
4561 27204 
5417 5454 
7553 9088 
7553 12543 
9441 15449 
9497 9502 14264 
9537 13362 13482 14304 
9537 14304 30233 
9537 26449 
10465 10470 25179 25181 25183 
10753 10943 10944 
10761 10944 
10769 10770 10881 10904 
10769 10842 
10769 10858 
11889 11899 15906 
11921 14817 14819 14820 
13385 13420 
13385 13430 13439 
13385 13430 13486 
13385 13430 25964 
13385 13469 
13385 13474 18668 
13385 13486 17263 
13385 13780 
13385 17551 
13385 18614 
13953 17326 
13985 14011 
14217 14260 
14217 14264 
14217 17326 
14481 14485 14492 20392 
14481 14485 20385 
14481 14485 23009 
14481 14513 
14481 15477 20392 
14481 20392 20394 26919 26936 
14481 20392 22977 22985 26936 
14481 20409 30923 
14513 20409 30923 
14689 14690 14691 14692 14695 14696 14697 14698 14710 14711 14712 14717 14718 14723 
14689 14706 14710 
14817 14819 14829 
14817 14819 15906 30266 
14817 14819 25453 
14817 14819 27873 30266 
14817 14820 25453 
14817 14829 25453 
14817 25452 25453 
14817 27215 
15913 25452 
16393 16396 32528 32722 
18625 18647 
18937 31509 
20249 20250 20251 20252 23926 25123 25126 25722 
20249 20250 20251 20252 25122 25123 25124 25722 
20249 20250 20251 20252 25122 25123 25126 25722 
20249 20250 20251 20252 25122 25123 25127 25722 
20249 20250 20251 20252 25123 25124 25126 25127 25722 
20249 20251 20252 23925 25123 25124 25722 
20249 20251 20252 23925 25123 25126 25722 
20249 20251 20252 23927 25123 25124 25722 
20249 20251 20252 23927 25123 25126 25722 
20249 20251 20252 23926 25123 25124 25126 25722 
20249 20251 20252 23926 25123 25126 25127 25722 
20385 20392 22985 
20385 20407 
20385 22092 22985 
20385 22991 
20385 23009 
20409 23390 
22841 32114 
22977 22985 23005 26924 26935 26936 30925 
22977 22985 26932 26935 26936 
22977 22991 23333 
22985 22990 
24313 32523 32525 32526 32527 32528 32581 32705 32722 32723 32728 32729 32731 
25897 25921 
25921 25940 
25921 25948 
25921 25964 28806 
25921 25965 
25921 25975 
25921 25978 
25921 26017 
25921 26020 
25921 27998 
25921 28808 
25921 28399 28817 
25921 28824 
26017 26020 
26441 27431 
26449 30437 
26937 28613 
27337 27830 
27337 30720 
27337 31295 
27337 31790 
27337 32462 
28321 28613 
28961 28981 
30233 30837 
183 293 
479 484 29231 
479 522 
479 7939 
1527 1539 26936 
3167 3180 3183 9435 
3167 3180 3252 9435 13362 
3167 3180 9435 9438 
3167 3180 9435 9497 9502 
3167 3180 9435 9502 9526 
3167 3180 9435 9502 13362 
3167 3180 9435 9502 13439 14264 
3167 3193 9435 13362 
3167 3247 9435 9526 
3167 3252 9502 
3167 3255 
3167 9435 9526 13362 13482 
3167 9435 9526 13434 
3167 9435 9526 13439 14264 
3167 9435 13362 13439 14264 
3167 9435 13362 13486 
3183 3193 
3183 3216 3255 14304 
3183 3247 
3183 3252 
3183 13362 14304 
3183 14260 
3239 13474 
3247 3255 14304 
3247 3255 30831 
3247 3260 
3247 9435 13362 13482 
3247 13362 13434 13482 
3247 13362 13471 13482 
3247 17380 
3247 22315 
3247 30316 
3247 30434 
3247 30837 
3255 9537 13362 14304 
3255 13362 13482 14304 
3255 13362 14304 26449 
3255 14255 14304 
3255 14294 14304 
3255 14304 25975 
3255 14304 30837 
3599 3625 
3599 4170 
3623 3625 12670 22087 
3623 3625 14485 22087 
3623 3625 22087 22092 26936 
3623 3625 22087 22977 22985 26936 
3623 4218 
3623 14481 
4079 4087 4089 
4087 4088 4089 10881 
4087 4088 4089 10904 
4087 4088 10770 10881 
4087 4088 10881 10904 
4087 4089 10769 
4087 4089 10770 10881 
4087 4089 10881 10904 
4087 10769 10770 10881 
4087 10840 10842 10844 10858 10861 10883 
4087 10842 10844 10881 10883 10904 
4087 10858 10859 10861 10881 
4087 10770 10881 10904 
4087 10859 10861 10881 10904 
4287 4449 
4287 30901 
4287 30925 
4423 8875 
4447 4449 
4447 30925 
4551 26919 26936 
5095 5123 
7167 23630 
8895 13597 28513 30971 
8895 20385 20409 28513 30923 
8895 23390 
8895 28513 28515 
8895 30900 
8895 30901 30971 
9447 17263 
9447 17320 
9447 17326 
10751 10752 10753 10943 
10751 10752 10929 
10751 10942 
10751 10943 10944 
10767 10771 10858 10861 
10767 10840 
11583 18563 
11583 20879 
11887 11889 14807 
11887 11898 14816 14817 
11887 11898 14817 14819 
11887 11898 14817 25453 
11887 11899 11900 
11887 11899 14817 
11887 11899 14819 30266 
11887 11900 14817 
11887 11900 14819 
11887 12464 
11887 12471 14817 14820 
11887 14819 14820 
11919 11920 11921 
12471 12472 
12471 14807 14817 14820 
12471 15906 
13439 14238 14264 
13439 14260 14264 
13439 14264 26408 
13439 17334 
13439 22295 
13439 23458 
13439 27431 
13471 13486 
13471 14386 
13471 25806 
13471 30316 
13983 13984 13985 
13983 13984 14093 
13983 13985 14030 
13983 13985 14094 
13983 13995 
13983 13998 
13983 14004 
13983 14011 
14223 14260 
14223 14264 
14223 14304 17263 
14255 14270 14304 
14255 14274 
14255 17319 
14255 25921 
14255 25922 
14255 25964 
14255 25967 
14255 25975 
14255 25980 
14255 26017 
14255 26020 
14279 25927 
14279 29410 
14503 26929 
14511 14514 26935 
14695 14706 14710 
14695 14709 14710 14712 
14711 14717 14724 
14807 14817 14819 14820 
14807 14820 15899 30266 
16383 16388 32523 32526 32527 32528 32690 32722 32723 32731 
16399 32690 32692 32694 32722 32723 32731 
16399 32690 32693 32694 32698 32722 32723 32731 
16719 26935 
17263 17320 
17263 17334 18647 
17263 17346 
17263 18625 
17263 18643 
17263 18700 
17319 17326 
17319 17342 
17319 17350 
17319 17380 
17319 17399 
17319 17429 28494 
17319 17432 
17319 24228 
17319 25897 
17319 25921 
17319 25948 
17319 25964 
17319 25975 
17319 25984 
17319 25999 30343 
17319 26011 
17319 26017 
17319 26020 
18575 31910 
18631 21855 
20247 20249 20251 20252 23927 25123 25722 
21887 25964 
22119 22120 
22119 22214 
22519 23854 
22895 30925 
22991 23004 
22991 28502 28512 
22991 27382 27384 28512 30925 
23327 23339 
23367 29784 
23383 23390 
23383 26924 
25391 25428 
25967 26020 
25975 26449 
25975 30233 
26039 28349 
26431 26465 
26919 26925 26932 26935 26936 28511 
26919 26935 26936 27204 
26919 26936 26937 27206 
26919 26938 30901 
26919 26938 30899 30925 
26935 26936 26938 30901 
26935 26936 30899 30901 
26935 27381 27384 
26935 28611 
27263 27264 
27431 29366 
28399 28428 
29223 29231 
29231 30050 
29351 30806 
31295 31298 
31295 32114 
32263 32487 32527 
32263 32525 32527 32704 32722 32728 
32263 32527 32729 
32271 32693 
32271 32700 
32271 32722 
32471 32526 32527 32528 32722 32723 32731 
32487 32495 32519 32525 32527 32704 32722 32728 
32487 32495 32523 32525 32526 32527 32528 32581 32584 32703 32704 32705 32721 32722 32723 32728 32729 32731 
32487 32495 32523 32525 32526 32527 32528 32624 32625 32627 32703 32704 32705 32721 32722 32723 32728 32729 32731 
32487 32495 32523 32525 32526 32527 32528 32626 32703 32704 32705 32721 32722 32723 32728 32729 32731 
32487 32519 32527 32729 
32495 32581 32624 32703 32722 32729 32731 
32519 32520 32523 32526 32527 32528 32625 32627 32721 32722 32723 32731 
32519 32520 32526 32527 32528 32584 32722 32723 32728 32729 32731 
32519 32523 32525 32526 32527 32528 32581 32584 32704 32705 32722 32723 32728 32729 32731 
32519 32523 32526 32527 32528 32576 32584 32722 32723 32728 32729 32731 
32519 32523 32526 32527 32528 32584 32721 32722 32723 32728 32729 32731 
32519 32526 32527 32528 32584 32626 32722 32723 32728 32729 32731 
32519 32527 32627 32722 32728 
32527 32623 32627 32722 32728 
330 334 
330 22354 
1522 1526 20385 
1522 20385 22985 
1538 1539 
1538 30899 
2826 2844 2851 
2826 2851 2858 2861 22087 
2826 2851 2860 
2858 2861 2878 
2858 2861 2889 3625 14485 20411 
2858 2861 20385 
2858 2875 
2858 4157 20411 
2858 14481 14485 20411 
2858 14485 20385 20411 22992 
2858 20385 22985 23005 
2858 4187 20411 
2858 14485 14514 20411 23009 
2858 20411 26919 26935 26936 26938 30925 
2874 4436 26924 
2874 4424 22985 23005 26924 
3114 3128 
3114 14304 
3210 3216 17319 
3250 13486 25964 
3258 3273 
3602 3629 
3882 17263 
4082 4084 4085 4087 4089 10771 10858 10861 
4082 4084 4085 10767 
4082 4084 10770 10881 
4082 4087 10769 
4082 4087 10770 10881 
4170 4186 8895 30971 
4170 4187 
4170 4766 
4170 4547 14485 14492 15477 22988 27384 
4170 22977 22985 23005 26935 26936 26938 30925 
4170 26919 26925 26935 26936 26938 28311 
4170 26924 26935 26936 26938 
4170 26929 
4170 26932 26935 30901 
4170 14016 26935 
4170 8895 26935 26936 26937 26938 30971 
4186 13597 
4186 20409 
4186 28613 
4274 4284 27205 
4274 4285 
4274 27204 
4402 4432 26935 26936 
4402 4538 14485 
4434 4443 
4434 22092 26919 26935 26936 
4434 22882 22892 26919 26925 26935 26936 
4434 26919 26924 26925 26935 26936 28311 
4434 26919 26935 26936 26938 
4434 14485 14514 23009 26919 26935 26936 30925 
4538 4547 14485 
4538 4552 27382 30899 
4538 14486 
4562 30899 
4762 14481 
5218 18316 
5258 5293 
5258 26150 
5786 9435 
5954 5989 
5954 9435 
5954 13362 13482 
5954 13362 14260 
5954 13384 
5954 13486 
7066 13362 
10530 10531 10534 10535 10538 
10530 10531 10534 10541 
10530 10531 10535 10538 10541 
10530 10531 10539 
10770 10771 10859 10881 
10770 10809 
10770 10842 10843 10881 
10770 10859 10861 10881 
10770 10859 10881 10904 
10770 10842 10844 10881 10904 
10770 10858 10881 
10770 10881 10883 
10810 10861 
10842 10843 10844 10859 10881 10904 
10842 10843 10844 10881 10883 10904 
10842 10843 10858 10881 
10842 10844 10858 10859 10861 10881 10883 10904 
11138 23009 
11842 14817 
11850 11861 
11898 11899 
13362 13365 
13362 13367 
13362 13374 
13362 13384 13434 13482 
13362 13385 13439 13482 14264 
13362 13385 13439 13486 14264 
13362 13385 13439 14264 17263 
13362 13385 13439 14264 18647 
13362 13385 17263 18647 
13362 13420 
13362 13430 13439 
13362 13430 13482 
13362 13430 13486 
13362 13430 17319 
13362 13434 13439 13482 26439 
13362 13434 13482 13486 
13362 13434 13482 14288 
13362 13434 13482 26441 
13362 13434 13486 14304 
13362 13434 14260 
13362 13439 13469 
13362 13452 13482 
13362 13452 13486 
13362 13452 14260 
13362 13452 14304 
13362 13452 25921 
13362 13452 28344 
13362 13474 13482 
13362 13474 18668 
13362 13482 13486 14304 
13362 13482 13486 26441 30831 
13362 13482 13486 30837 
13362 13482 14217 
13362 13482 14260 
13362 13482 14264 14304 
13362 13482 14264 18647 
13362 13482 14264 26439 
13362 13482 14264 27427 
13362 13482 14264 30837 
13362 13482 14294 
13362 13482 14304 30837 31371 
13362 13482 17326 17380 
13362 13482 17368 17380 
13362 13482 18674 
13362 13482 29179 
13362 13482 30316 
13362 13482 30407 
13362 13482 18575 30837 
13362 13482 30843 
13362 13482 30849 
13362 13486 13492 
13362 13486 14300 
13362 13486 14304 25964 
13362 13487 
13362 14217 17319 
13362 14223 17263 18647 
13362 14260 14304 
13362 14264 17263 18647 
13362 14264 25905 
13362 14270 
13362 14274 
13362 14304 18575 
13362 14304 25975 
13362 14304 30233 
13362 14316 
13434 13439 13482 14264 26439 
13434 13482 14260 
13434 17326 
13474 13486 
13474 14288 
13474 17369 
13474 18668 26431 
13474 27425 
13474 30434 
13482 13518 
13930 14223 17263 
14018 30187 
14138 14485 
14274 14304 
14274 25921 
14274 28806 
14514 27384 
14514 30901 
15906 15907 
15906 25453 
15906 27873 
16394 16396 16398 32698 32700 32701 32722 32723 32731 
16394 16396 16399 32698 32700 32701 32722 32723 32731 
16394 16396 32690 32692 32693 32698 32700 32701 32722 32723 32731 
16394 16396 32692 32694 32698 32700 32701 32722 32723 32731 
16394 16398 16399 32698 32700 32701 32722 32723 32731 
16394 16398 32690 32692 32693 32694 32698 32700 32722 32723 32731 
16394 16398 32690 32692 32693 32698 32700 32701 32722 32723 32731 
16394 16398 24642 32690 32692 32693 32698 32700 32722 32723 32731 
16394 16398 24642 32698 32700 32701 32722 32723 32731 
16394 16398 32692 32694 32698 32700 32701 32722 32723 32731 
16394 16398 24642 32692 32694 32698 32700 32722 32723 32731 
16394 16399 32580 32701 
16394 16399 32692 32694 32698 32700 32701 32722 32723 32731 
16394 16399 32690 32692 32693 32698 32700 32701 32722 32723 32731 
16394 32580 32692 32694 32701 
16394 32690 32692 32693 32694 32698 32700 32701 32722 32723 32731 
17306 17342 
17346 17350 
17346 17432 
17346 25921 
17346 28344 
17346 28824 
18642 25964 
18642 25975 
18674 30837 
18842 18844 
18842 18854 26837 
18842 26851 
18842 26877 
18842 26908 
18842 26909 
22106 26919 26925 26935 26936 
22106 30899 
22882 22892 22893 26919 26925 26935 26936 28311 
22882 22892 22893 26924 26935 26936 28320 
25922 25946 
25946 26020 30560 
25954 25975 30837 
26938 30899 30901 30925 
27322 27337 
27322 31947 
29458 30448 
30154 31159 
31298 32131 
32114 32131 
32114 32462 
32266 32693 
32490 32690 32693 32722 32731 
32490 32690 32694 32722 32731 
464 488 
664 26039 
824 12895 
1760 1772 
2872 2878 
3216 3247 
3216 3252 
3216 3255 14304 26020 
3216 13430 
3216 25921 
3888 13362 13385 17263 
3888 13385 13439 
3888 13385 18647 
3888 18614 
4088 4089 10770 10881 
4088 4089 10881 10904 
4088 10770 10881 10904 
4184 26935 
4272 4285 22092 26936 
4272 4285 26935 26936 
4272 4405 8880 26936 
4272 16719 
4272 22092 26935 26936 
4272 8875 22882 22892 26935 26936 
4272 22882 22892 22893 26935 26936 
4272 22882 22892 26919 26925 26935 26936 
4272 4561 26919 26935 26936 
4272 22106 26919 26935 26936 
4272 26919 26935 26936 27205 
4272 26932 26935 
4272 26932 26936 
4272 26935 26936 30899 
4272 26935 30901 
4424 4432 22087 22985 
4424 4434 14485 22977 22985 22991 26919 26925 26935 26936 
4424 20385 22985 
4424 22092 22985 
4424 22991 23005 23009 28512 
4432 4443 26935 26936 
4432 8875 8880 26935 26936 
4432 22087 22092 
4432 26935 26936 30413 
4432 26935 26936 30901 
4544 22092 26936 
4552 27383 
6864 11583 
7064 7114 13486 
7064 7156 9435 
7064 7156 13439 
7064 7167 
7064 9435 9502 
7064 9435 13439 
7064 13362 13434 
7064 13362 13486 
7064 13403 13439 
7064 13434 13439 
7064 13434 13482 
7064 13434 14260 
7064 13439 14264 
7200 20671 
7712 7715 
8880 8881 26936 
8880 26932 26936 
8896 12671 23333 28515 
9088 12543 
10752 10944 
10760 10761 
10840 10859 10881 
10984 11015 
11136 14481 20385 
11136 14485 20385 
11832 11920 
11856 11861 
11856 17947 
11856 17956 
11856 17962 
11920 11921 27873 
11920 15906 
11920 27215 
12464 12471 14807 14820 
12464 12471 14817 14820 
12464 12471 14819 14820 
12464 14806 
12464 14817 14819 
12464 14819 30266 
12464 14820 30266 
12472 27872 
12552 15851 
12568 15880 
12680 22099 
12680 23333 
12680 28511 
13384 13439 
13384 13471 
13384 13486 
13408 13439 
13984 14029 
13984 14129 
14264 17334 18647 
14264 23597 
14264 27421 
14288 14316 
14304 25975 30837 
14304 28399 
14304 28817 
14304 25954 30837 
14304 25964 31371 
14304 31565 
14304 31915 
14688 14689 14690 14691 14692 14695 14696 14697 14710 14711 14712 14717 14718 14723 
14688 14689 14690 14691 14692 14696 14698 14710 14711 14712 14717 14718 14723 
14688 14689 14690 14692 14695 14696 14698 14710 14712 14718 
14688 14689 14691 14692 14695 14696 14697 14698 14710 14711 14712 14717 14723 
14688 14689 14691 14692 14695 14696 14697 14698 14711 14712 14717 14718 14723 
14816 14817 14819 
14816 14817 14820 
14816 14817 14829 
14816 14817 25452 
14816 14817 25453 
14816 21984 
14816 27215 
17288 21861 
17320 17350 26039 
17320 18643 
19464 30560 
20016 20027 
20248 20249 20250 20251 20252 24081 24083 25123 25127 25722 
20248 20249 20250 20251 20252 24082 24083 25123 25127 25722 
20248 20249 20250 20251 20252 24083 25123 25124 25127 25722 
20248 20249 20250 20251 20252 24083 25123 25126 25127 25722 
20248 20249 20251 20252 24081 24083 25123 25124 25127 25722 
20248 20249 20251 20252 24081 24083 25123 25126 25127 25722 
20248 20249 20251 20252 24083 25123 25124 25126 25127 25722 
20248 20251 20252 23927 24083 25722 
20248 20251 20252 24083 24084 25722 
20392 22092 22985 
20392 22087 22985 
20392 26924 
21816 26020 
22120 22214 
22992 22995 23005 27382 
23864 26837 
24264 25964 
25896 25921 
26920 26935 27384 
27272 27337 
28344 28349 
28344 28384 
28344 28824 
28384 28399 
28824 31569 
29784 29796 
30248 30560 
30560 31915 
32520 32523 32525 32526 32527 32528 32581 32624 32703 32705 32721 32722 32723 32728 32729 32731 
32520 32523 32525 32528 32627 32704 32705 32731 
32520 32523 32526 32527 32528 32584 32625 32627 32721 32722 32723 32728 32729 32731 
32520 32523 32526 32527 32528 32623 32625 32627 32721 32722 32723 32731 
32520 32526 32527 32528 32584 32626 32722 32723 32728 32729 32731 
32528 32722 32732 
32576 32581 
32584 32688 32693 32700 
32624 32628 32704 32705 
180 183 
180 293 
212 239 
484 26150 
500 29245 
1540 20409 
2844 2851 2860 
2844 2851 4535 
2844 2851 12655 14481 
2844 2851 12670 
2844 2851 12671 
2844 2860 4535 
2844 2868 4547 12670 23007 
2844 2868 26932 
2844 2875 
2844 2876 
2844 2878 4535 
2844 2886 4274 4432 4434 26919 26935 26936 
2844 10984 
2844 12668 
2844 3625 12670 22087 
2844 12670 12683 
2844 12670 14485 
2844 12686 
2860 2878 
2860 14483 
2860 3625 22087 22092 26936 
2860 22087 22092 22985 
2860 22106 26919 26935 26936 
2868 2874 26924 
2868 2886 
2868 2887 26932 
2868 4170 
2868 4272 
2868 22087 22092 22985 
2868 3625 4547 12670 22087 22977 22985 23007 26936 
2868 22977 22985 26932 26936 
2868 4285 22977 22985 26936 
3180 3183 13362 
3180 3193 
3180 3216 
3180 3219 
3180 3237 
3180 13362 13486 
3180 13434 
3252 3255 14304 
3252 14301 
4084 4085 4086 4087 4089 10842 10844 10858 10861 10883 
4084 4085 4087 4089 10840 10844 10858 10861 10883 
4084 4085 4089 10771 10844 
4084 4085 4089 10840 10842 10844 
4084 4085 4089 10859 10881 
4084 4087 4088 10881 
4084 4087 4089 10881 
4084 4087 10766 
4084 4087 10769 
4084 4087 10770 10881 
4084 4087 10859 10861 10881 
4084 4087 10881 10904 
4084 4088 4089 10881 
4084 4088 10770 10881 
4084 4088 10859 10881 
4084 4088 10881 10904 
4084 4089 10842 10844 10881 10904 
4268 4285 
4284 4285 4287 
4284 4285 4432 26935 26936 
4284 4285 30899 
4284 22106 
4284 4405 4432 26924 26935 26936 
4284 4432 26935 26936 30899 
4284 27179 30899 
4284 30899 30925 
4284 30901 
4436 23383 
4436 26924 26935 26936 
4436 26924 28320 
4564 28513 30971 
5060 5061 
5060 5066 5067 5072 5156 
5060 5072 5143 
5996 13482 
7156 7167 
8876 14485 
8876 20385 
8876 22991 
8876 23009 
9356 21978 
10876 10883 
11060 23891 
11060 28374 
11900 11922 
11900 11909 14820 
11900 27875 
11900 14819 30266 
12468 12471 14817 14820 
12468 12471 25453 
13452 13469 
13452 14274 
13452 17346 
13452 28808 
13516 17415 
13780 17263 
13916 14260 
14132 20401 
14260 14264 22295 
14260 14264 26408 
14260 14288 
14260 14294 
14284 14304 
14300 14304 
14300 25964 
16388 16389 16396 16397 16398 32526 32527 32528 32582 32585 32692 32702 32722 32723 32728 32729 32731 
16388 16389 16397 16398 32520 32526 32527 32528 32622 32694 32722 32723 32731 
16388 16389 16397 16398 32523 32526 32527 32528 32690 32721 32722 32723 32731 
16388 16389 16397 16398 32526 32527 32528 32529 32628 32698 32722 32723 32731 
16388 16389 16398 16399 32526 32527 32528 32722 32723 32731 
16388 16389 16398 24641 32526 32527 32528 32585 32692 32702 32722 32723 32728 32729 32731 
16388 16389 16398 32519 32526 32527 32528 32529 32628 32698 32722 32723 32731 
16388 16389 16398 32520 32523 32526 32527 32528 32622 32690 32694 32721 32722 32723 32731 
16388 16389 16398 32520 32526 32527 32528 32529 32622 32628 32694 32698 32722 32723 32731 
16388 16389 16398 32520 32526 32527 32528 32585 32622 32692 32694 32702 32722 32723 32728 32729 32731 
16388 16389 16398 32523 32526 32527 32528 32529 32628 32690 32693 32698 32721 32722 32723 32731 
16388 16389 16398 32523 32526 32527 32528 32585 32690 32692 32702 32721 32722 32723 32728 32729 32731 
16388 16389 16398 32524 32526 32527 32528 32529 32628 32698 32722 32723 32731 
16388 16389 16398 32526 32527 32528 32529 32584 32585 32628 32692 32698 32702 32722 32723 32728 32729 32731 
16388 16390 16398 32520 32526 32527 32528 32529 32622 32628 32694 32698 32722 32723 32731 
16388 16392 16394 32524 32527 32692 32700 32702 32722 32728 
16388 16393 16399 32527 32585 32692 32729 
16388 16394 16395 32524 32525 32527 32692 32700 32702 32704 32722 32728 
16388 16394 16396 16398 32524 32527 32692 32700 32702 32722 32728 
16388 16394 16396 32519 32524 32527 32692 32700 32702 32722 32728 
16388 16394 16396 32524 32525 32527 32692 32700 32702 32704 32722 32728 
16388 16394 16396 32524 32526 32527 32528 32529 32582 32584 32585 32692 32698 32700 32701 32702 32722 32723 32728 32729 32731 
16388 16394 16397 32524 32527 32529 32585 32692 32701 32729 
16388 16394 16398 24633 24635 24641 24642 32524 32526 32527 32528 32529 32626 32628 32692 32698 32700 32702 32722 32723 32728 32729 32731 
16388 16394 16398 32519 32524 32527 32692 32700 32702 32722 32728 
16388 16394 16398 32523 32524 32526 32527 32528 32529 32628 32690 32692 32693 32698 32700 32702 32721 32722 32723 32728 32729 32731 
16388 16394 16398 32524 32526 32527 32528 32529 32584 32585 32628 32692 32698 32700 32701 32702 32722 32723 32728 32729 32731 
16388 16394 16398 32524 32526 32527 32528 32529 32622 32628 32692 32694 32698 32700 32702 32722 32723 32728 32729 32731 
16388 16394 16398 32524 32527 32623 32692 32700 32702 32722 32728 
16388 16394 16398 32524 32527 32627 32692 32700 32702 32722 32728 
16388 16394 16399 32519 32524 32527 32529 32585 32692 32701 32729 
16388 16394 16399 32524 32526 32527 32528 32529 32584 32585 32692 32698 32700 32701 32702 32722 32723 32728 32729 32731 
16388 16394 16399 32524 32527 32529 32585 32692 32694 32701 32729 
16388 16394 24128 32523 32524 32526 32527 32528 32529 32690 32692 32693 32698 32700 32702 32722 32723 32728 32729 32731 
16388 16394 32487 32491 32496 32524 32527 32529 32692 32729 
16388 16394 32519 32524 32526 32527 32528 32529 32584 32585 32692 32698 32700 32701 32702 32722 32723 32728 32729 32731 
16388 16394 32519 32524 32527 32529 32585 32692 32694 32701 32729 
16388 16394 32522 32524 32527 32692 
16388 16394 32523 32524 32525 32526 32527 32528 32529 32689 32690 32692 32693 32698 32700 32702 32704 32705 32722 32723 32728 32729 32731 
16388 16394 32523 32524 32526 32527 32528 32529 32584 32585 32690 32692 32693 32698 32700 32701 32702 32722 32723 32728 32729 32731 
16388 16394 32523 32524 32526 32527 32528 32529 32690 32692 32693 32694 32698 32700 32702 32722 32723 32728 32729 32731 
16388 16394 32524 32525 32527 32692 32697 32700 32702 32704 32722 32728 
16388 16394 24134 32524 32526 32527 32528 32529 32692 32698 32700 32702 32722 32723 32728 32729 32731 
16388 16394 32524 32526 32527 32528 32529 32584 32585 32692 32694 32698 32700 32701 32702 32722 32723 32728 32729 32731 
16388 16394 32272 32524 32527 32529 32692 32729 
16388 16394 32524 32527 32529 32580 32585 32692 32701 32729 
16388 16394 32524 32527 32529 32585 32688 32692 32694 32701 32729 
16388 16394 32524 32527 32529 32692 32699 32729 
16388 16394 32524 32527 32692 32699 32700 32702 32722 32728 
16388 16394 32524 32527 32685 32692 32700 32702 32722 32728 
16388 16395 16396 32525 32527 32692 32702 32722 32728 
16388 16395 16398 32525 32527 32692 32702 32722 32728 
16388 16395 32523 32525 32526 32527 32528 32689 32690 32692 32702 32705 32722 32723 32728 32729 32731 
16388 16396 16397 16398 24641 32526 32527 32528 32582 32585 32692 32702 32722 32723 32728 32729 32731 
16388 16396 16397 16398 32520 32526 32527 32528 32582 32585 32622 32692 32694 32702 32722 32723 32728 32729 32731 
16388 16396 16397 16398 32496 32523 32525 32526 32527 32528 32581 32582 32585 32689 32690 32692 32702 32703 32705 32721 32722 32723 32728 32729 32731 
16388 16396 16397 16398 32526 32527 32528 32529 32582 32584 32585 32628 32692 32698 32702 32722 32723 32728 32729 32731 
16388 16396 16398 32487 32493 32495 32525 32527 32692 32702 32704 32722 32728 
16388 16396 16398 32519 32527 32692 32702 32722 32728 
16388 16396 16399 32526 32527 32528 32582 32585 32692 32702 32722 32723 32728 32729 32731 
16388 16396 32519 32525 32527 32692 32702 32704 32722 32728 
16388 16396 32519 32526 32527 32528 32529 32582 32584 32585 32692 32698 32702 32722 32723 32728 32729 32731 
16388 16396 32523 32525 32526 32527 32528 32529 32581 32582 32584 32585 32689 32690 32692 32693 32698 32702 32704 32705 32722 32723 32728 32729 32731 
16388 16396 32523 32525 32526 32527 32528 32581 32582 32585 32689 32690 32692 32694 32702 32705 32722 32723 32728 32729 32731 
16388 16396 32526 32527 32528 32529 32582 32584 32585 32692 32694 32698 32702 32722 32723 32728 32729 32731 
16388 16397 16398 16399 32526 32527 32528 32722 32723 32731 
16388 16397 16398 32519 32526 32527 32528 32529 32628 32698 32722 32723 32731 
16388 16397 16398 32520 32523 32526 32527 32528 32622 32690 32694 32721 32722 32723 32731 
16388 16397 16398 32520 32526 32527 32528 32529 32622 32628 32694 32698 32722 32723 32731 
16388 16397 16398 32490 32523 32526 32527 32528 32690 32721 32722 32723 32731 
16388 16397 16398 32523 32526 32527 32528 32529 32628 32690 32693 32698 32721 32722 32723 32731 
16388 16397 16398 32524 32526 32527 32528 32529 32628 32698 32722 32723 32731 
16388 16397 16399 32524 32527 32529 
16388 16397 16399 32527 32585 32692 32729 
16388 16397 16399 32527 32694 
16388 16397 24307 24317 32690 32722 32731 
16388 16397 32487 32496 32527 32529 32585 32692 32729 
16388 16397 32519 32524 32527 32529 
16388 16397 32519 32527 32529 32585 32692 32729 
16388 16397 32519 32527 32529 32694 
16388 16397 32524 32527 32529 32694 
16388 16397 32527 32529 32585 32692 32694 32729 
16388 16397 32496 32527 32585 32692 32694 32729 
16388 16397 32496 32581 32624 32690 32694 32703 32722 32729 32731 
16388 16397 32490 32496 32581 32690 32703 32722 32729 32731 
16388 16397 32493 32495 32496 32581 32690 32693 32703 32722 32729 32731 
16388 16398 16399 32520 32526 32527 32528 32622 32694 32722 32723 32731 
16388 16398 16399 32523 32526 32527 32528 32690 32721 32722 32723 32731 
16388 16398 16399 32524 32526 32527 32528 32529 32628 32698 32722 32723 32731 
16388 16398 16399 32526 32527 32528 32585 32692 32702 32722 32723 32728 32729 32731 
16388 16398 24128 32523 32526 32527 32528 32529 32628 32690 32692 32693 32698 32702 32721 32722 32723 32728 32729 32731 
16388 16398 24307 24309 24314 24316 24317 32523 32526 32527 32528 32690 32721 32722 32723 32731 
16388 16398 24307 24312 32523 32526 32527 32528 32529 32628 32690 32693 32698 32721 32722 32723 32731 
16388 16398 24307 32523 32526 32527 32528 32622 32690 32694 32721 32722 32723 32731 
16388 16398 24307 32523 32526 32527 32528 32690 32692 32702 32721 32722 32723 32728 32729 32731 
16388 16398 24635 24640 24641 24642 32526 32527 32528 32529 32626 32628 32692 32698 32702 32722 32723 32728 32729 32731 
16388 16398 24635 24641 24642 32523 32526 32527 32528 32529 32626 32628 32690 32692 32693 32698 32702 32721 32722 32723 32728 32729 32731 
16388 16398 24635 24641 24642 32526 32527 32528 32529 32584 32585 32626 32628 32692 32698 32702 32722 32723 32728 32729 32731 
16388 16398 24635 24641 24642 32526 32527 32528 32529 32622 32626 32628 32692 32694 32698 32702 32722 32723 32728 32729 32731 
16388 16398 24641 32520 32526 32527 32528 32585 32622 32692 32694 32702 32722 32723 32728 32729 32731 
16388 16398 24641 32496 32523 32525 32526 32527 32528 32689 32690 32692 32702 32703 32705 32721 32722 32723 32728 32729 32731 
16388 16398 24641 32523 32526 32527 32528 32622 32690 32692 32694 32702 32721 32722 32723 32728 32729 32731 
16388 16398 24641 32523 32526 32527 32528 32585 32690 32692 32702 32721 32722 32723 32728 32729 32731 
16388 16398 24315 24641 32526 32527 32528 32585 32692 32702 32722 32723 32728 32729 32731 
16388 16398 32487 32493 32495 32496 32523 32525 32526 32527 32528 32529 32628 32689 32690 32692 32693 32698 32702 32703 32704 32705 32721 32722 32723 32728 32729 32731 
16388 16398 32487 32493 32495 32525 32527 32627 32692 32702 32704 32722 32728 
16388 16398 32519 32520 32526 32527 32528 32529 32622 32628 32694 32698 32722 32723 32731 
16388 16398 32519 32523 32526 32527 32528 32529 32628 32690 32693 32698 32721 32722 32723 32731 
16388 16398 32519 32524 32526 32527 32528 32529 32628 32698 32722 32723 32731 
16388 16398 32519 32524 32527 32623 32722 
16388 16398 32519 32526 32527 32528 32529 32584 32585 32628 32692 32698 32702 32722 32723 32728 32729 32731 
16388 16398 32519 32527 32627 32722 
16388 16398 24309 32520 32523 32526 32527 32528 32622 32690 32694 32721 32722 32723 32731 
16388 16398 32520 32523 32526 32527 32528 32529 32622 32625 32627 32628 32690 32693 32694 32698 32721 32722 32723 32731 
16388 16398 32520 32523 32526 32527 32528 32585 32622 32690 32692 32694 32702 32721 32722 32723 32728 32729 32731 
16388 16398 32520 32524 32526 32527 32528 32529 32622 32628 32694 32698 32722 32723 32731 
16388 16398 32520 32526 32527 32528 32529 32584 32585 32622 32628 32692 32694 32698 32702 32722 32723 32728 32729 32731 
16388 16398 32523 32524 32526 32527 32528 32529 32622 32625 32627 32628 32690 32693 32694 32698 32721 32722 32723 32731 
16388 16398 32523 32524 32526 32527 32528 32529 32623 32628 32690 32693 32698 32721 32722 32723 32731 
16388 16398 32496 32523 32525 32526 32527 32528 32622 32624 32689 32690 32692 32694 32702 32703 32705 32721 32722 32723 32728 32729 32731 
16388 16398 32523 32526 32527 32528 32529 32584 32585 32628 32690 32692 32693 32698 32702 32721 32722 32723 32728 32729 32731 
16388 16398 32523 32526 32527 32528 32529 32622 32625 32627 32628 32690 32692 32693 32694 32698 32702 32721 32722 32723 32728 32729 32731 
16388 16398 24309 32523 32526 32527 32528 32529 32628 32690 32693 32698 32721 32722 32723 32731 
16388 16398 32524 32527 32623 32627 32722 
16388 16398 32524 32527 32697 32722 
16388 16398 32524 32527 32699 32722 
16388 16398 24134 32526 32527 32528 32529 32628 32692 32698 32702 32722 32723 32728 32729 32731 
16388 16398 32527 32685 32692 32702 32722 32728 
16388 16399 32519 32524 32526 32527 32528 32529 32698 32722 32723 32731 
16388 16399 32519 32524 32527 32529 32694 
16388 16399 32523 32524 32526 32527 32528 32529 32690 32693 32698 32722 32723 32731 
16388 16399 32523 32526 32527 32528 32585 32690 32692 32702 32722 32723 32728 32729 32731 
16388 16399 32523 32526 32527 32528 32690 32694 32722 32723 32731 
16388 16399 32524 32526 32527 32528 32529 32694 32698 32722 32723 32731 
16388 16399 32526 32527 32528 32585 32692 32694 32702 32722 32723 32728 32729 32731 
16388 24128 24135 32523 32526 32527 32528 32529 32690 32692 32693 32698 32702 32722 32723 32728 32729 32731 
16388 24128 32523 32525 32526 32527 32528 32529 32689 32690 32692 32693 32698 32702 32704 32705 32722 32723 32728 32729 32731 
16388 24128 32523 32526 32527 32528 32529 32584 32585 32690 32692 32693 32698 32702 32722 32723 32728 32729 32731 
16388 24128 32523 32526 32527 32528 32529 32690 32692 32693 32694 32698 32702 32722 32723 32728 32729 32731 
16388 24307 24317 32690 32694 32722 32731 
16388 24307 24317 32690 32722 32729 32731 
16388 24307 24317 32690 32693 32722 32731 
16388 32263 32527 32692 
16388 32487 32496 32527 32529 32692 32694 32729 
16388 32487 32519 32527 32692 
16388 32519 32523 32524 32526 32527 32528 32529 32690 32693 32698 32722 32723 32731 
16388 32519 32523 32526 32527 32528 32529 32584 32585 32690 32692 32693 32698 32702 32722 32723 32728 32729 32731 
16388 32519 32523 32526 32527 32528 32529 32690 32693 32694 32698 32722 32723 32731 
16388 32519 32524 32526 32527 32528 32529 32694 32698 32722 32723 32731 
16388 32519 32524 32527 32699 
16388 32519 32526 32527 32528 32529 32584 32585 32692 32694 32698 32702 32722 32723 32728 32729 32731 
16388 32519 32527 32529 32579 32585 32692 32694 32729 
16388 32522 32527 32529 32692 32694 32729 
16388 32522 32527 32685 32692 32702 32722 32728 
16388 32523 32524 32526 32527 32528 32529 32690 32693 32697 32698 32722 32723 32731 
16388 32523 32524 32526 32527 32528 32529 32690 32693 32698 32699 32722 32723 32731 
16388 32523 32525 32526 32527 32528 32529 32689 32690 32692 32693 32694 32698 32702 32704 32705 32722 32723 32728 32729 32731 
16388 24314 32523 32526 32527 32528 32529 32690 32693 32698 32722 32723 32731 
16388 24314 32523 32526 32527 32528 32585 32690 32692 32702 32722 32723 32728 32729 32731 
16388 24314 32523 32526 32527 32528 32690 32694 32722 32723 32731 
16388 24134 32523 32526 32527 32528 32529 32690 32692 32693 32698 32702 32722 32723 32728 32729 32731 
16388 32523 32526 32527 32528 32529 32584 32585 32690 32692 32693 32694 32698 32702 32722 32723 32728 32729 32731 
16388 32524 32527 32529 32694 32699 
16388 32524 32527 32697 32699 
16388 24134 32526 32527 32528 32529 32584 32585 32692 32698 32702 32722 32723 32728 32729 32731 
16388 24134 32526 32527 32528 32529 32685 32692 32694 32698 32702 32722 32723 32728 32729 32731 
16388 32272 32526 32527 32528 32529 32692 32698 32702 32722 32723 32728 32729 32731 
16388 32270 32527 32692 
16388 32272 32527 32529 32585 32692 32729 
16388 32272 32527 32529 32692 32694 32729 
16396 16398 16399 32722 32723 32731 
16396 16398 32493 32495 32690 32692 32693 32698 32722 32723 32731 
16396 16398 32690 32692 32694 32722 32723 32731 
16396 16398 24642 32698 32722 32723 32731 
16396 16398 32692 32694 32698 32722 32723 32731 
16396 16399 32690 32692 32722 32723 32731 
16396 16399 32692 32694 32722 32723 32731 
16396 32690 32692 32693 32694 32698 32722 32723 32731 
16396 32524 32528 32529 32693 32698 32700 32722 
17380 17429 
18844 27138 
18900 29861 
22028 26020 
22092 22107 
22092 22882 22892 26935 26936 
22092 22985 23005 
22092 26919 26935 26936 30925 
22092 26924 
22612 22613 22615 
22892 22893 30899 
22892 30900 
23004 30899 
23348 28515 
24228 25921 
24268 30233 
25356 30560 
25468 26256 
25900 25967 
25940 26017 
25948 26020 
25964 25967 
25964 25980 
25964 26020 
25964 26441 
26020 26471 
26020 29410 
26020 31915 
26140 29231 
26924 26936 26937 
26924 27197 
26932 29813 
27204 27205 
27308 27337 
27324 27337 32114 
32492 32493 32495 32496 32690 32693 32703 32722 32729 32731 
32580 32584 32700 
32580 32693 32700 
86 94 
334 22354 
342 345 
342 7720 
574 693 
574 13362 13452 
638 693 25967 
638 13430 
638 17319 
638 25921 
1526 22991 
2878 3629 26929 
2878 23327 26929 
2886 4272 4274 4284 4432 4434 26919 26935 26936 
2886 4274 4432 4434 4561 26919 26935 26936 
2886 4274 4432 4434 22106 26919 26935 26936 
2886 22892 
2886 4432 4434 22977 22985 23004 26935 26936 
2886 4405 4432 4434 26924 26935 26936 
2886 4274 4432 4434 8880 22099 23333 26919 26925 26935 26936 
2886 4432 4434 8875 8881 26935 26936 
2886 4432 4434 26932 26935 26936 
2886 4285 4432 4434 26935 26936 
2886 4432 4434 26935 26936 26938 
3206 3255 14304 
4126 4538 
4142 13983 
4166 4170 
4174 26924 
4254 4272 4284 4432 8880 22882 22892 26935 26936 
4254 4274 8881 
4254 4284 4405 4447 
4254 4284 30899 
4254 4405 4432 26924 28320 
4254 8896 
4278 4437 22099 23333 
4278 22991 
4278 26919 26925 26935 26936 
4278 28512 
4446 4447 
4446 4449 
4446 26932 26935 
4446 30901 
4550 22092 26936 
4550 26935 26936 
4766 15477 
5078 5095 
5078 5099 5125 
5078 5123 
7710 7712 
9014 9435 
9118 29784 
9438 9497 9502 
9438 9502 13362 
9502 9518 
9502 9549 
9502 9556 
9502 13362 14264 
9502 27431 
9526 13362 13439 13482 14264 
10766 10769 
10766 10842 10858 
10766 10844 10858 10861 10883 
11558 11583 
11910 14806 
12670 14485 23009 
12670 22977 22998 23007 
12670 22991 23007 
12670 22991 23009 
12670 23007 30971 
12694 28515 
13374 13385 
13374 13415 
13374 13430 17319 
13374 13452 
13374 13516 
13374 17263 
13374 17346 
13374 17350 
13374 17365 
13374 17369 
13374 17387 
13374 17415 
13374 17432 
13430 13474 
13430 13486 25964 
13430 18642 
13430 25921 
13430 26017 
13430 26020 
13486 13487 
13486 17387 
13486 27431 
13486 29366 
13982 13983 13985 
14238 14260 14264 
14270 14304 28344 
14270 17341 
14270 25917 25921 28344 
14270 28384 
14806 14829 
14830 27873 27875 
16390 16398 32520 32523 32528 32529 32622 32627 32628 32693 32694 32731 
16390 16398 32520 32524 32528 32529 32622 32628 32694 32698 32731 
16398 16399 32690 32693 32698 32722 32723 32731 
16398 16399 32690 32694 32722 32723 32731 
16398 16399 32692 32694 32722 32723 32731 
16398 16399 32694 32698 32722 32723 32731 
16398 16399 32690 32692 32722 32723 32731 
16398 32493 32495 32690 32692 32693 32694 32698 32722 32723 32731 
16398 24642 32493 32495 32690 32692 32693 32698 32722 32723 32731 
16398 32520 32523 32524 32528 32529 32622 32627 32628 32693 32694 32698 32731 
16398 32520 32523 32525 32528 32622 32689 32694 32705 32731 
16398 32520 32524 32528 32529 32622 32628 32694 32698 32700 32701 32731 
16398 32523 32524 32525 32528 32529 32628 32689 32693 32698 32700 32704 32705 32731 
16398 32523 32524 32528 32529 32622 32627 32628 32693 32694 32698 32700 32731 
16398 32523 32524 32528 32529 32628 32693 32697 32698 32731 
16398 32523 32524 32528 32529 32628 32693 32698 32700 32701 32731 
16398 32523 32525 32528 32529 32622 32627 32628 32689 32693 32694 32704 32705 32731 
16398 32524 32525 32627 32700 32704 
16398 24636 24642 32690 32692 32693 32694 32698 32722 32723 32731 
16398 32520 32523 32693 32700 32701 
16398 32523 32527 32693 32700 32701 
16398 24639 24642 32690 32692 32693 32698 32722 32723 32731 
16398 32693 32694 32698 32700 32701 32731 
16398 32524 32525 32697 32700 32704 
17326 17368 
17350 17432 26039 
18814 18842 23854 
18814 18844 
23390 28321 
23854 23857 
23854 26837 
23854 26877 
24134 24135 32693 
26150 29231 
26422 26443 
26926 26935 
26934 26935 
27374 27384 
27382 27384 28512 30899 30925 
27998 28808 
28806 31389 
30558 31159 
32470 32693 
32470 32694 32722 32729 32731 
32494 32496 32729 
32678 32690 32693 32722 32731 
32678 32693 32694 32731 
659 25921 
1539 22092 26935 26936 
1539 26919 26935 26936 
1539 30899 
1539 20411 30925 
1739 15851 
2827 4157 
2843 2844 
2843 2878 
2851 2860 2868 
2851 2860 22087 22092 
2851 2861 2875 
2851 2861 23005 
2851 2868 2878 15477 
2851 2868 14483 
2851 2868 20392 
2851 2868 22087 22985 
2851 12670 14485 
2875 2878 14500 
2875 2878 22991 
2875 2886 4274 4432 4434 26919 26935 26936 27205 
2875 4278 
2875 4424 22991 
2875 22977 22991 
2875 3625 14485 22087 22977 22985 26919 26925 26935 26936 27205 
3187 3247 27427 
3187 3255 14304 
3507 13374 
4163 4186 
4163 12670 
4163 14485 
4163 19644 
4163 22977 22985 26936 
4163 22993 
4163 23009 
4187 14514 
4267 4268 
4267 4272 22092 26936 
4267 4284 
4267 4285 22092 26936 
4267 4432 22092 26935 26936 
4267 8880 22092 26936 
4267 22106 
4547 4552 12670 14485 22988 23007 27384 
4547 14485 22977 22985 22988 23005 26919 26925 26935 26936 27382 27384 28311 28512 30925 
4547 14485 22988 22991 23009 27384 
4547 15477 22977 22985 26929 26936 
4547 22092 22977 22985 22998 26936 
5187 5258 
7707 7712 
9427 11583 
9435 9438 9502 
9435 9438 13362 
9435 9447 
9435 9475 
9435 9481 
9435 9502 13362 13439 
9435 9502 13362 13482 
9435 9502 13434 
9435 9502 13486 
9435 9518 11583 
9435 9518 13362 
9435 9518 13471 
9435 13362 13430 
9435 13362 13434 13482 
9435 13362 13439 13482 
9435 13362 13469 
9435 13363 
9435 13365 
9435 13374 
9435 13384 
9435 13385 13439 
9435 13385 13486 
9435 13408 
9435 13414 
9435 13415 
9435 13430 13439 
9435 13434 13439 
9435 13439 13474 
9435 13439 13486 
9435 13439 18647 
9435 13439 27425 30434 
9435 13452 
9435 11583 13471 
9435 13509 
9435 13516 
9435 13523 
9475 23446 
10747 10751 10752 10759 
10747 10753 
10771 10842 10844 
10771 10844 10858 10861 10883 
10931 10944 
11883 11887 11899 11909 14820 
11883 11887 11900 11909 
11883 11887 11909 11920 
11883 11887 11909 14817 
11883 11887 11909 14819 
11883 11889 11899 
11883 11898 11920 
11883 11899 11900 
11883 11899 11920 
11883 11899 11921 
11883 11899 11922 
11883 11899 30266 
11899 11900 30266 
11899 11920 11921 
11899 11921 11922 
11899 11909 14819 14820 30266 
11899 14817 14819 30266 
11899 21993 
11899 27873 
11899 11922 30266 
13219 13362 13434 13482 
13411 13439 
13411 13482 
13411 23597 
13995 14129 
14483 14485 14492 
14483 20385 22087 22985 
14499 26924 
14707 14710 
15475 22977 
15851 17479 
16387 16388 16394 16398 32487 32491 32492 32493 32495 32524 32525 32527 32692 32700 32702 32704 32722 32728 
16387 16394 16396 16398 32493 32495 32700 32722 
16387 16394 16398 32493 32495 32690 32692 32693 32698 32700 32722 32723 32731 
17347 17415 
17387 25964 
17947 17956 
18563 18588 
18643 18647 
18643 26039 
20251 20252 25722 25723 
20387 23390 
20411 30901 
22099 22991 23333 
22995 23005 28502 28512 
23507 32438 
23891 27098 
24307 24316 24317 32520 32523 32526 32527 32528 32721 32722 32723 32731 
24307 24316 24317 32520 32528 32627 32731 
24307 24316 24317 32523 32526 32527 32528 32721 32722 32723 32728 32729 32731 
24307 24317 32581 32703 32722 32729 32731 
24307 32523 32525 32526 32527 32528 32703 32705 32721 32722 32723 32728 32729 32731 
24307 32523 32526 32527 32528 32625 32627 32721 32722 32723 32731 
24635 32628 32704 32705 
25171 25177 
27267 27337 
27299 27308 
27299 27337 
27427 30831 
27427 30837 
28515 30901 
28795 30837 
30683 30837 
32491 32689 32693 32700 32704 
32523 32524 32525 32528 32529 32689 32693 32694 32698 32700 32704 32705 32731 
32523 32524 32525 32528 32529 32689 32693 32697 32698 32700 32704 32705 32731 
32523 32524 32525 32528 32529 32689 32693 32698 32700 32701 32704 32705 32731 
32523 32524 32528 32529 32693 32694 32697 32698 32731 
32523 32524 32528 32529 32693 32694 32698 32700 32701 32731 
32523 32526 32527 32528 32584 32626 32721 32722 32723 32728 32729 32731 
32523 32526 32527 32528 32625 32626 32627 32721 32722 32723 32728 32729 32731 
32523 32527 32688 32693 32700 32701 
32523 32528 32529 32678 32693 32731 
32579 32584 32693 
32579 32688 
32675 32694 32729 
32675 32694 32722 32731 
