32525 32528 
32525 32704 
32693 32694 32731 
32693 32700 
32693 32698 32722 
4084 4085 
4084 4087 
4084 4089 
9435 13439 
14691 14692 14695 14712 14717 14723 
14691 14697 14717 14723 
32523 32526 32527 32528 32722 32723 32731 
32523 32693 
10530 10531 10535 
10770 10881 
10842 10844 
10858 10861 
13362 13482 
14690 14691 14696 14717 14718 14723 
14690 14696 14710 14711 14712 14717 14718 14723 
14698 14710 14711 14712 14717 14723 
32690 32693 32722 32731 
32690 32694 32722 32731 
32690 32722 32723 32731 
32698 32700 
32698 32722 32723 32731 
14689 14690 14691 14692 14710 14711 14712 14717 14718 14723 
14689 14690 14692 14696 14710 14712 14718 
14689 14691 14692 14696 14710 14711 14712 14717 14723 
14689 14691 14692 14696 14711 14712 14717 14718 14723 
14689 14692 14695 14696 14712 
14689 14692 14695 14698 14712 
14689 14692 14695 14710 14712 
14689 14692 14695 14711 14712 14717 14723 
32529 32694 
10844 10883 
16388 16398 32527 32722 
16388 32524 32527 
16388 32526 32527 32528 32722 32723 32731 
16388 32527 32529 
16388 32527 32692 32702 32722 32728 
16388 32527 32692 32729 
16396 32722 
32524 32528 32529 32698 
32524 32700 
32692 32694 
32700 32722 
4087 4089 
16398 32528 32731 
16398 32693 
16398 32700 
16398 32722 32723 32731 
16398 32694 32731 
32526 32527 32528 32722 32723 32728 32729 32731 
32694 32722 32723 32731 
32694 32729 
13983 13985 
14695 14696 14697 14711 14712 14717 14723 
14695 14696 14698 14712 
14695 14696 14710 14711 14712 14717 14723 
14695 14696 14710 14712 14718 
14695 14696 14711 14712 14717 14718 14723 
14695 14697 14710 14711 14717 
14695 14698 14710 14712 
14695 14698 14711 14712 14717 14723 
26935 26936 
32519 32527 
10881 10904 
14688 14689 14690 14695 14696 14710 
14688 14689 14691 14692 14696 14711 14712 14717 14723 
14688 14689 14692 14695 14712 
14688 14689 14692 14696 14710 14712 
14688 14689 14692 14696 14712 14718 
14688 14689 14692 14698 14712 
14688 14689 14692 14710 14711 14712 14717 14723 
14696 14697 14717 14718 14723 
14696 14698 14710 14712 
14696 14698 14711 14712 14717 14723 
14696 14698 14712 14718 
20248 20249 20251 20252 24083 25123 25124 25722 
32520 32528 32731 
32528 32529 32693 
32528 32529 32698 32722 
32528 32529 32731 
32528 32694 32731 
