2883 6726 8003 33873 33879 
2883 6726 8005 33873 33879 33881 
2883 6726 18919 33873 33879 
2883 6726 18919 33879 33885 
2883 6726 33872 33873 33879 33881 
2883 6726 33873 33879 33885 
2883 6726 33879 33881 33885 
2883 8003 8005 18240 18241 18248 
2883 8003 8005 18241 18248 33872 
2883 8003 8005 18241 22168 22175 33886 
2883 8003 8005 18241 33872 33884 
2883 8003 8005 18241 33872 33886 
2883 8003 8005 18241 33881 
2883 8003 8005 18918 33872 
2883 8003 8005 18918 33885 
2883 8003 8005 18919 33872 33873 33881 
2883 8003 8005 18919 33881 33885 
2883 8003 8005 22167 22168 22175 22187 33886 
2883 8003 8005 22167 22168 22175 33872 33886 
2883 8003 8005 22167 22168 22175 33873 33881 33886 
2883 8003 8005 22167 22187 33881 33886 
2883 8003 8005 22167 33872 33873 33881 33886 
2883 8003 8005 22168 22175 22180 33872 33886 
2883 8003 8005 22168 22175 22187 33881 33886 
2883 8003 8005 22168 22175 33872 33873 33881 33886 
2883 8003 8005 22168 22175 33885 33886 
2883 8003 8005 22180 22187 33872 33873 33881 
2883 8003 8005 22180 33872 33884 
2883 8003 8005 22180 33872 33885 
2883 8003 8005 22187 33872 33886 
2883 8003 8005 22187 33873 33881 33886 
2883 8003 8005 22187 33873 33881 33887 
2883 8003 8005 22187 33881 33885 
2883 8003 8005 33872 33873 33881 33884 
2883 8003 8005 33872 33873 33881 33885 
2883 8003 8005 33872 33884 33886 
2883 8003 8005 33872 33885 33886 
2883 8003 8005 33881 33885 33886 
2883 8003 8012 33881 
2883 8003 18240 18241 18248 33872 
2883 8003 18240 18248 22180 33872 
2883 8003 18241 18248 22175 33886 
2883 8003 18241 18248 22178 33872 33886 
2883 8003 18241 18248 22180 33872 
2883 8003 18241 18248 33872 33884 
2883 8003 18241 18248 33881 
2883 8003 18241 22167 33886 
2883 8003 18241 22175 33872 33886 
2883 8003 18241 22187 
2883 8003 18241 33872 33873 33881 
2883 8003 18241 33872 33884 33886 
2883 8003 18241 33873 33884 
2883 8003 18241 33881 33886 
2883 8003 18248 18928 33885 
2883 8003 18248 22168 
2883 8003 18248 22187 
2883 8003 18248 33872 33873 
2883 8003 18918 18919 33872 33873 
2883 8003 18918 18919 33881 
2883 8003 18918 18919 33885 
2883 8003 18918 22180 33872 33885 
2883 8003 18918 33872 33873 33881 
2883 8003 18918 33872 33873 33885 
2883 8003 18918 33881 33885 
2883 8003 18919 22180 33872 33873 33885 
2883 8003 18919 22187 33873 33885 
2883 8003 18919 33872 33873 33881 33885 
2883 8003 18926 33885 
2883 8003 22167 22175 22180 33872 
2883 8003 22167 22175 22187 33872 
2883 8003 22167 22175 22187 33873 33881 
2883 8003 22167 22175 22187 33881 33886 
2883 8003 22167 22175 22187 33881 33887 
2883 8003 22167 22175 33872 33873 33881 33886 
2883 8003 22167 22180 22187 33872 
2883 8003 22167 22180 33872 33873 33881 
2883 8003 22167 22180 33872 33886 
2883 8003 22167 22187 33872 33873 33881 
2883 8003 22167 22187 33872 33886 
2883 8003 22167 22187 33873 33881 33886 
2883 8003 22167 33881 33885 
2883 8003 22167 33885 33886 
2883 8003 22168 22187 33873 
2883 8003 22168 33873 33885 
2883 8003 22175 22180 22187 33872 
2883 8003 22175 22180 33872 33873 33881 
2883 8003 22175 22187 33872 33873 33881 
2883 8003 22175 22187 33872 33886 
2883 8003 22175 22187 33873 33881 33886 
2883 8003 22175 22187 33873 33881 33887 
2883 8003 22175 22187 33881 33886 33887 
2883 8003 22175 33872 33884 33886 
2883 8003 22175 33872 33885 33886 
2883 8003 22175 33873 33881 33885 
2883 8003 22175 33881 33885 33886 
2883 8003 22180 22181 22187 33872 
2883 8003 22180 22181 33872 33873 
2883 8003 22180 22187 33872 33873 33881 33887 
2883 8003 22180 22187 33872 33884 
2883 8003 22180 22187 33872 33885 
2883 8003 22180 22187 33872 33886 
2883 8003 22180 33872 33873 33881 33884 
2883 8003 22180 33872 33873 33881 33885 
2883 8003 22180 33872 33873 33881 33886 
2883 8003 22187 33872 33873 33881 33884 
2883 8003 22187 33872 33873 33881 33885 
2883 8003 22187 33872 33873 33881 33886 
2883 8003 22187 33881 33885 33887 
2883 8003 33872 33879 
2883 8003 33872 33884 33885 
2883 8003 18928 33872 33885 
2883 8003 33873 33881 33885 33886 
2883 8003 33873 33884 33885 
2883 8003 33873 33885 33887 
2883 8003 33879 33881 
2883 8005 8012 33881 
2883 8005 18240 18241 18248 33872 
2883 8005 18240 18241 18928 33885 
2883 8005 18240 18241 22167 
2883 8005 18240 18241 22168 22175 
2883 8005 18240 18241 22168 22178 33872 
2883 8005 18240 18241 22168 33886 
2883 8005 18240 18241 22178 22180 33872 
2883 8005 18240 18241 22178 33872 33886 
2883 8005 18240 18241 33872 33873 33881 
2883 8005 18240 18241 33872 33884 
2883 8005 18241 18248 22168 22175 33886 
2883 8005 18241 18248 22178 33872 33886 
2883 8005 18241 18248 22180 33872 
2883 8005 18241 18248 33872 33884 
2883 8005 18241 18248 33881 
2883 8005 18241 18928 33872 33885 
2883 8005 18241 22167 22168 22175 
2883 8005 18241 22167 22168 33872 
2883 8005 18241 22167 22168 33881 
2883 8005 18241 22167 22168 33886 
2883 8005 18241 22167 22178 22180 33872 
2883 8005 18241 22167 22187 
2883 8005 18241 22167 33872 33873 33881 
2883 8005 18241 22167 33872 33886 
2883 8005 18241 22167 33881 33886 
2883 8005 18241 22168 22175 22178 33872 
2883 8005 18241 22168 22175 33872 33886 
2883 8005 18241 22168 22175 33881 
2883 8005 18241 22168 22178 22180 33872 
2883 8005 18241 22168 22178 33872 33886 
2883 8005 18241 22168 33872 33873 33881 
2883 8005 18241 22168 33872 33884 33886 
2883 8005 18241 22168 33881 33886 
2883 8005 18241 22178 22180 33872 33886 
2883 8005 18241 22178 33872 33873 33881 
2883 8005 18241 22178 33872 33884 33886 
2883 8005 18241 22180 33872 33873 33881 
2883 8005 18241 22180 33872 33884 
2883 8005 18241 22187 33872 
2883 8005 18241 22187 33881 
2883 8005 18241 33872 33873 33881 33884 
2883 8005 18241 33872 33873 33881 33886 
2883 8005 18241 33881 33885 
2883 8005 18918 18919 33872 33873 33881 33885 
2883 8005 18918 22180 33872 33885 
2883 8005 18918 33885 33886 
2883 8005 18919 18926 33881 33885 
2883 8005 18919 18928 33881 33885 
2883 8005 18919 22168 33881 33885 
2883 8005 18919 22180 33872 33873 33881 33885 
2883 8005 18919 22187 33881 33885 
2883 8005 18919 33872 33873 33881 33885 33886 
2883 8005 18919 33879 33881 
2883 8005 18926 33872 33873 33881 33885 
2883 8005 22167 22168 22175 22180 33872 
2883 8005 22167 22168 22175 22187 33872 
2883 8005 22167 22168 22175 22187 33873 33881 
2883 8005 22167 22168 22175 22187 33881 33886 
2883 8005 22167 22168 22175 33872 33873 33881 33886 
2883 8005 22167 22168 22180 33872 33873 33881 
2883 8005 22167 22168 22180 33872 33886 
2883 8005 22167 22168 33881 33885 
2883 8005 22167 22168 33881 33886 33887 
2883 8005 22167 22168 33885 33886 
2883 8005 22167 22180 22187 33872 
2883 8005 22167 22180 33872 33873 33881 33886 
2883 8005 22167 22187 33872 33873 33881 
2883 8005 22167 22187 33872 33886 
2883 8005 22167 22187 33873 33881 33886 
2883 8005 22167 33872 33873 33885 
2883 8005 22167 33872 33885 33886 
2883 8005 22167 33873 33881 33885 
2883 8005 22167 33873 33885 33886 
2883 8005 22167 33881 33885 33886 
2883 8005 22168 22175 22180 22187 33872 
2883 8005 22168 22175 22180 33872 33873 33881 
2883 8005 22168 22175 22187 33872 33873 33881 
2883 8005 22168 22175 22187 33872 33886 
2883 8005 22168 22175 22187 33873 33881 33886 
2883 8005 22168 22175 22187 33881 33886 33887 
2883 8005 22168 22175 33872 33884 33886 
2883 8005 22168 22175 33872 33885 33886 
2883 8005 22168 22175 33873 33881 33885 
2883 8005 22168 22175 33881 33885 33886 
2883 8005 22168 22180 33872 33873 33881 33886 
2883 8005 22168 22180 33872 33885 
2883 8005 22168 33872 33873 33881 33885 
2883 8005 22168 33873 33881 33885 33886 
2883 8005 22168 33873 33881 33886 33887 
2883 8005 22180 22181 22187 33872 33873 33881 
2883 8005 22180 22187 33872 33873 33881 33887 
2883 8005 22180 22187 33872 33885 
2883 8005 22180 22187 33872 33886 
2883 8005 22180 33872 33873 33881 33884 
2883 8005 22180 33872 33884 33886 
2883 8005 18928 22180 33872 33885 
2883 8005 22180 33872 33885 33886 
2883 8005 22187 33872 33873 33881 33885 
2883 8005 22187 33872 33873 33881 33886 
2883 8005 22187 33872 33884 
2883 8005 33872 33873 33879 33881 
2883 8005 33872 33873 33881 33884 33886 
2883 8005 22179 33872 33873 33881 33885 
2883 8005 33872 33884 33885 
2883 8005 22179 33872 33885 33886 
2883 8005 33879 33881 33885 
2883 8005 33881 33885 33887 
2883 18240 18241 18248 22175 33886 
2883 18240 18241 18248 22178 33872 33886 
2883 18240 18241 18248 22180 33872 
2883 18240 18241 18248 33872 33884 
2883 18240 18241 18248 33881 
2883 18240 18241 18918 18928 33885 
2883 18240 18241 18928 33872 33885 
2883 18240 18241 22167 22168 33886 
2883 18240 18241 22167 22178 22180 33872 
2883 18240 18241 22167 22178 33873 
2883 18240 18241 22167 22178 33886 
2883 18240 18241 22167 33872 33873 33881 
2883 18240 18241 22167 33872 33886 
2883 18240 18241 22167 33873 33886 
2883 18240 18241 22167 33884 33886 
2883 18240 18241 22167 33881 33886 
2883 18240 18241 22168 22178 33886 
2883 18240 18241 22168 33872 33886 
2883 18240 18241 22168 33873 
2883 18240 18241 22168 33884 33886 
2883 18240 18241 22175 22178 33872 
2883 18240 18241 22178 22180 33872 33886 
2883 18240 18241 22178 33872 33873 33881 
2883 18240 18241 22178 33872 33884 33886 
2883 18240 18241 22178 33873 33886 
2883 18240 18241 22180 33872 33873 33881 
2883 18240 18241 22180 33872 33884 
2883 18240 18241 33872 33873 33881 33884 
2883 18240 18241 33872 33873 33881 33886 
2883 18240 18241 33873 33884 33886 
2883 18240 18248 18918 18928 33885 
2883 18240 18248 33872 33873 
2883 18240 18918 18928 33872 33885 
2883 18240 18928 22180 33872 33885 
2883 18240 33872 33873 33885 
2883 18241 18248 18928 33885 
2883 18241 18248 22167 33886 
2883 18241 18248 22175 22178 33872 33886 
2883 18241 18248 22178 22180 33872 33886 
2883 18241 18248 22178 33872 33884 33886 
2883 18241 18248 22180 33872 33884 
2883 18241 18248 22187 
2883 18241 18248 33872 33873 33881 
2883 18241 18248 33881 33886 
2883 18241 18919 33885 
2883 18241 18928 22178 33872 33885 
2883 18241 18928 22180 33872 33885 
2883 18241 18928 33881 33885 
2883 18241 18928 33885 33886 
2883 18241 22167 22168 22178 
2883 18241 22167 22168 33872 33873 33881 
2883 18241 22167 22168 33872 33886 
2883 18241 22167 22168 33873 33886 
2883 18241 22167 22168 33884 33886 
2883 18241 22167 22168 33881 33886 
2883 18241 22167 22175 22187 
2883 18241 22167 22175 33872 
2883 18241 22167 22175 33881 
2883 18241 22167 22175 33886 
2883 18241 22167 22178 22180 33872 33873 33881 
2883 18241 22167 22178 22180 33872 33886 
2883 18241 22167 22178 33873 33886 
2883 18241 22167 22178 33884 33886 
2883 18241 22167 33872 33873 33881 33884 33886 
2883 18241 22167 33872 33885 
2883 18241 22167 33885 33886 
2883 18241 22168 22178 33873 
2883 18241 22168 22178 33884 33886 
2883 18241 22168 33872 33873 33881 33886 
2883 18241 22168 33872 33885 
2883 18241 22168 33873 33884 33886 
2883 18241 22168 33885 33886 
2883 18241 22175 22178 22180 33872 
2883 18241 22178 22180 33872 33884 33886 
2883 18241 22178 33872 33873 33881 33886 
2883 18241 22178 33873 33884 33886 
2883 18241 22180 22187 33872 
2883 18241 22175 33872 33873 33881 
2883 18241 22187 33872 33873 33881 
2883 18241 33872 33873 33881 33885 
2883 18241 33872 33884 33885 33886 
2883 18241 22175 33872 33884 33886 
2883 18241 22179 33872 33885 
2883 18241 33873 33884 33885 
2883 18918 18919 22180 33872 33873 33885 
2883 18918 22167 33885 
2883 18918 22180 22187 33872 33885 
2883 18918 22180 33872 33873 33881 33885 
2883 18918 33872 33885 33886 
2883 18918 22187 33881 33885 
2883 18919 18925 
2883 18919 18926 22180 33872 33873 33881 33885 
2883 18919 18928 33872 33873 33885 
2883 18919 22167 22180 33872 33873 33881 33885 
2883 18919 22168 33873 33885 
2883 18919 22180 22187 33872 33873 33881 33885 
2883 18919 22180 33872 33873 33881 33885 33887 
2883 18919 22191 33872 33873 33885 
2883 18919 22191 33881 33885 
2883 18919 33872 33873 33879 
2883 18919 22175 33872 33873 33881 33885 
2883 18919 33872 33873 33881 33884 33885 
2883 18919 33873 33879 33885 
2883 18919 22187 33881 33885 33887 
2883 22167 22168 33872 33885 
2883 22167 22168 33873 33881 33885 
2883 22167 22168 33881 33885 33886 
2883 18248 22167 22175 33886 
2883 22167 22175 22178 22180 33872 
2883 22167 22175 22180 22187 33872 33873 33881 33887 
2883 22167 22175 22180 22187 33872 33886 
2883 22167 22175 22180 33872 33873 33881 33886 
2883 22167 22175 22180 33872 33885 
2883 22167 22175 22187 33872 33873 33881 33886 
2883 22167 22175 22187 33872 33885 
2883 22167 22175 22187 33873 33881 33885 
2883 22167 22175 22187 33873 33881 33886 33887 
2883 22167 22175 22187 33885 33886 
2883 22167 22175 33872 33873 33881 33885 
2883 22167 22175 33872 33884 
2883 22167 22175 33881 33885 33886 
2883 18248 22167 22178 22180 33872 33886 
2883 22167 22178 22180 22187 33872 
2883 22167 22178 22180 33872 33873 33881 33886 
2883 22167 22178 22180 33872 33884 33886 
2883 22167 22178 33873 33884 33886 
2883 22167 22179 33872 33873 33885 
2883 22167 22179 33872 33885 33886 
2883 22167 22180 22181 22187 33872 
2883 22167 22180 22187 33872 33873 33881 33886 
2883 22167 22180 22187 33872 33885 
2883 22167 22180 33872 33873 33881 33884 
2883 22167 22180 33872 33873 33881 33886 33887 
2883 22167 22180 33872 33885 33886 
2883 22167 22187 33872 33873 33881 33885 
2883 22167 33872 33873 33881 33885 33886 
2883 22167 33872 33884 33885 
2883 18248 22167 33881 33886 
2883 22167 22187 33881 33885 33886 
2883 22168 22179 33872 33885 
2883 22168 33872 33873 33881 33884 33886 
2883 22168 33872 33873 33881 33885 33886 
2883 22175 22180 22181 22187 33872 
2883 22180 22181 33872 33873 33887 
2883 22180 22181 33872 33885 
2883 18248 22180 22187 33872 
2883 22175 22180 22187 33872 33873 33881 33886 33887 
2883 22175 22180 22187 33872 33885 
2883 22180 22187 33872 33873 33881 33884 33887 
2883 22180 22187 33872 33873 33881 33885 33887 
2883 22180 22190 33872 
2883 18248 22180 33872 33873 33881 
2883 22175 22180 33872 33873 33881 33885 
2883 22180 33872 33873 33881 33884 33885 
2883 22180 33872 33873 33881 33884 33886 
2883 22180 33872 33873 33881 33885 33886 
2883 18928 22180 33872 33873 33885 
2883 22180 33872 33879 33885 
2883 18248 22178 22180 33872 33884 33886 
2883 22175 22180 33872 33884 33886 
2883 22175 22180 33872 33885 33886 
2883 18248 22175 22178 22180 33872 33886 
2883 33872 33873 33879 33881 33885 
2883 8012 33872 33873 33881 
2883 18248 22178 33872 33873 33881 33886 
2883 18248 33872 33873 33881 33884 
2883 22175 22178 33872 33873 33881 
2883 22175 22187 33872 33873 33881 33885 
2883 22175 33872 33873 33881 33884 33886 
2883 22175 33872 33873 33881 33885 33886 
2883 22178 33872 33873 33881 33884 33886 
2883 33872 33873 33881 33884 33885 33886 
2883 18928 33872 33873 33881 33885 
2883 22179 33872 33873 33881 33885 33886 
2883 18248 22175 22178 33872 33884 33886 
2883 18928 33872 33884 33885 
2883 18248 18928 33872 33885 
2883 18928 33872 33885 33886 
2883 22178 33872 33885 33886 
2883 22187 33873 33881 33885 33886 
22180 22187 33872 33884 33886 
22180 22187 33872 33885 33886 
22180 22190 33872 33884 
22180 22191 33872 33885 
22180 33872 33883 
27484 35806 49694 
27484 35812 
27484 49553 
27484 49686 49689 
35812 49553 
35812 49686 49689 
35812 49689 49694 
35812 49689 49698 
106101 125133 
132277 132303 
303 25436 
303 25440 
2031 3552 49595 
2031 49482 
2031 49596 
12735 65551 
16991 18248 
16991 22187 
16991 33872 33881 33884 
18919 18925 33873 
18919 18925 33885 
18919 18926 22175 33881 
18919 18926 22187 
18919 22181 33872 33873 
18919 33872 33873 33879 33885 
18919 22187 33872 33873 33887 
18919 22175 33881 33885 33886 
22167 22168 22179 33872 33885 
22167 22168 33872 33881 33885 
22167 22168 33872 33885 33886 
22167 22175 22180 22187 22192 33872 33881 
22167 22175 22180 22187 33872 33881 33886 33887 
22167 22175 22180 22187 33872 33885 
22167 22175 22180 33872 33881 33885 
22167 22175 22180 33872 33884 
22167 22175 22187 33872 33881 33885 
22167 22175 22187 33872 33884 
22167 22175 22187 33881 33885 33886 
22167 22175 22187 33881 33885 33887 
22167 22175 33872 33881 33884 
22167 22175 33872 33884 33886 
22167 22175 33872 33885 33886 
22167 22177 
22167 22179 33872 33881 33885 
22167 22180 22187 33872 33881 33885 
22167 22180 22187 33872 33884 
22167 22180 22192 33872 33881 33886 33887 
22167 22180 33872 33881 33884 33886 
22167 22180 33872 33881 33885 33886 
22167 22187 33872 33881 33884 
22167 33881 33885 33886 33887 
22175 22178 22187 
22175 22178 33872 33873 33881 33886 
22175 22178 33872 33885 33886 
22175 22179 33872 33881 33885 
22175 22179 33872 33885 33886 
22175 22180 22187 33872 33881 33885 
22175 22180 22187 33872 33884 
22175 22187 33872 33881 33884 33886 
22175 22187 33872 33881 33885 33886 
22175 22187 33881 33885 33886 33887 
22175 22180 33872 33881 33884 
22175 33879 33881 
22175 33872 33884 33885 33886 
22175 33879 33886 
22191 33872 33881 33885 
27687 27688 53437 53438 53439 53445 53448 
27687 27688 53437 53438 53439 53446 53447 53448 
27687 27688 53437 53438 53445 53448 86289 
27687 27688 53437 53438 53445 53448 86290 
27687 27688 53437 53438 53448 86294 
27687 27688 53437 53439 53445 53446 53447 53448 
27687 27688 53437 53439 53445 53448 86289 
27687 27688 53437 53439 53448 86294 
27687 27688 53437 53445 53446 53447 53448 86289 
27687 27688 53437 53445 53446 53447 53448 86290 
27687 27688 53437 53445 53446 53447 53448 86291 
27687 27688 53437 53445 53446 53447 53448 86294 
27687 27688 53437 53445 53446 53448 86289 86290 
27687 27688 53437 53445 53446 53448 86292 
27687 27688 53437 53445 53448 86289 86294 
27687 27688 53437 53445 53448 86292 86294 
27687 27688 53438 53439 53445 53446 53447 53448 86289 
27687 27688 53438 53439 53445 53448 86290 
27687 27688 53438 53439 53445 53448 86292 
27687 27688 53438 53439 53448 86294 
27687 27688 53438 53445 53446 53447 53448 86289 86290 
27687 27688 53438 53445 53446 53447 53448 86290 86291 
27687 27688 53438 53445 53446 53447 53448 86290 86294 
27687 27688 53438 53445 53446 53447 53448 86292 
27687 27688 53438 53445 53446 53448 86289 86294 
27687 27688 53438 53445 53446 53448 86292 86294 
27687 27688 53438 53445 53448 86289 86290 86294 
27687 27688 53438 53445 53448 86290 86292 
27687 27688 53438 53446 86290 86292 
27687 27688 53439 53445 53446 53447 53448 86290 
27687 27688 53439 53445 53446 53447 53448 86291 
27687 27688 53439 53445 53446 53447 53448 86292 86294 
27687 27688 53439 53445 53448 86289 86290 
27687 27688 53439 53445 53448 86290 86292 
27687 27688 53445 53446 53447 53448 86289 86290 86291 
27687 27688 53445 53446 53447 53448 86289 86290 86294 
27687 27688 53445 53446 53447 53448 86289 86291 86294 
27687 27688 53445 53446 53447 53448 86290 86291 86294 
27687 27688 53445 53446 53447 53448 86290 86292 
27687 27688 53445 53446 53448 86289 86292 
27687 27688 53445 53446 53448 86290 86292 86294 
27687 27688 53445 53448 86289 86290 86292 
27687 27688 53445 53448 86289 86292 86294 
27687 53437 53438 53445 53446 53448 86289 
27687 53437 53438 53445 53446 53448 86290 
27687 53437 53438 53445 53448 86289 86290 
27687 53437 53438 53445 53448 86294 
27687 53437 53438 53446 53448 86294 
27687 53437 53439 53445 53446 53447 53448 86289 
27687 53437 53439 53445 53447 53448 86292 
27687 53437 53439 53445 53447 53448 86294 
27687 53437 53439 53445 53448 86292 86294 
27687 53437 53439 53446 53447 53448 86294 
27687 53437 53445 53446 53447 53448 86289 86290 
27687 53437 53445 53446 53447 53448 86292 
27687 53437 53445 53446 53448 86289 86291 
27687 53437 53445 53446 53448 86289 86292 
27687 53437 53445 53446 53448 86289 86294 
27687 53437 53445 53446 53448 86290 86292 
27687 53437 53445 53446 53448 86290 86294 
27687 53437 53445 53446 53448 86292 86294 
27687 53437 53445 53446 86289 86290 86294 
27687 53437 53445 53447 53448 86289 86291 
27687 53437 53445 53447 53448 86289 86294 
27687 53437 53445 53447 53448 86292 86294 
27687 53437 53445 53448 86289 86290 86292 
27687 53437 53445 53448 86289 86290 86294 
27687 53437 53445 53448 86289 86292 86294 
27687 53437 53445 53448 86291 86294 
27687 53437 53445 53448 86290 86292 86294 
27687 53439 53445 53446 53447 53448 86289 86290 
27687 53439 53445 53446 53447 53448 86290 86292 
27687 53439 53445 53447 53448 86289 86291 
27687 53439 53445 53447 53448 86289 86292 
27687 53439 53445 53447 53448 86289 86294 
27687 53439 53445 53447 53448 86291 86292 
27687 53439 53445 53447 53448 86291 86294 
27687 53439 53445 53448 86289 86292 86294 
27687 53439 53445 53448 86290 86292 86294 
27687 53438 53445 53446 53447 86291 86294 
27687 53438 53445 53446 53448 86289 86290 86294 
27687 53438 53445 53446 53448 86289 86291 
27687 53438 53445 53446 53448 86290 86292 
27687 53438 53445 53446 53448 86291 86294 
27687 53438 53445 53446 86290 86291 86294 
27687 53445 53446 53447 53448 86289 86292 
27687 53445 53446 53447 53448 86290 86292 86294 
27687 53445 53446 53447 53448 86291 86292 
27687 53445 53446 53447 86289 86290 86291 86294 
27687 53445 53446 53448 86289 86290 86291 86294 
27687 53445 53446 53448 86289 86290 86292 86294 
27687 53445 53446 53448 86291 86292 86294 
27687 53445 53447 53448 86289 86292 86294 
27687 53445 53447 53448 86291 86292 86294 
27687 53438 53445 53448 86289 86292 
27687 53438 53445 53448 86290 86292 86294 
27687 53445 86289 86291 86292 86294 
33879 33884 
33879 33887 
53439 53445 53446 53447 86289 86294 
53439 53445 53447 53448 86289 86292 86294 
53439 53445 53447 53448 86291 86292 86294 
53439 53446 53447 53448 86289 86291 
53439 53446 53447 53448 86289 86292 
53439 53446 53447 53448 86289 86294 
53439 53447 53448 86289 86291 86294 
53439 53445 53446 53448 86289 86294 
53439 53448 86289 86290 86292 
53447 53448 86289 86291 86292 86294 
118958 119110 
2030 2031 3551 3552 3553 
2030 2472 3553 
2030 49482 
2030 49594 
2030 49596 
6726 8005 18919 33872 33879 
6726 8005 33872 33873 33879 
6726 8012 33879 
6726 18919 33872 33873 33879 
6726 18919 33873 33885 
6726 33872 33879 33885 
6726 8003 33879 33881 
22178 33872 33884 33885 33886 
22178 33872 33881 33885 33886 
27682 27687 27688 53437 53438 53439 
27682 27687 27688 53437 53438 53445 53446 53447 53448 
27682 27687 27688 53437 53439 53445 53448 
27682 27687 27688 53437 53439 53446 53447 
27682 27687 27688 53437 53445 53448 86289 
27682 27687 27688 53437 53445 53448 86290 
27682 27687 27688 53438 53439 53445 53448 
27682 27687 27688 53438 53439 53446 53447 
27682 27687 27688 53438 53445 53446 53447 53448 86289 
27682 27687 27688 53438 53445 53446 53447 53448 86290 
27682 27687 27688 53438 53445 53446 53448 86289 86290 
27682 27687 27688 53438 53445 53446 53448 86294 
27682 27687 27688 53438 86292 
27682 27687 27688 53439 53445 53446 53447 53448 
27682 27687 27688 53445 53446 53447 53448 86289 86290 
27682 27687 27688 53445 53446 53447 53448 86291 
27682 27687 27688 53445 53446 53447 53448 86294 
27682 27687 27688 53445 53446 86289 86294 
27682 27687 27688 53445 53446 86290 86294 
27682 27687 27688 53445 53448 86289 86294 
27682 27687 27688 53445 53448 86290 86294 
27682 27687 27688 53445 53448 86292 
27682 27687 27688 53445 86289 86290 86294 
27682 27687 53437 53438 53445 53448 86289 
27682 27687 53437 53438 53445 53448 86290 
27682 27687 53437 53438 53445 53448 86292 
27682 27687 53437 53439 53445 53446 53447 53448 
27682 27687 53437 53445 53446 53448 86289 86290 
27682 27687 53437 53445 53446 53448 86292 
27682 27687 53437 53445 53446 53448 86294 
27682 27687 53437 53445 53447 53448 86290 
27682 27687 53437 53445 53448 86290 86292 
27682 27687 53437 53445 53448 86292 86294 
27682 27687 53438 53445 53446 53447 86291 
27682 27687 53438 53445 53446 53447 86294 
27682 27687 53438 53445 53446 53448 86291 
27682 27687 53438 53445 53446 86290 86294 
27682 27687 53438 53445 53448 86289 86294 
27682 27687 53438 53445 53448 86290 86294 
27682 27687 53438 53446 86292 
27682 27687 53438 86290 86292 
27682 27687 53445 53446 53447 86289 86291 
27682 27687 53445 53446 53447 86289 86294 
27682 27687 53445 53446 53447 86290 86291 
27682 27687 53445 53446 53447 86290 86294 
27682 27687 53445 53446 53447 86291 86294 
27682 27687 53445 53446 53448 86289 86290 86294 
27682 27687 53445 53446 53448 86289 86291 
27682 27687 53445 53446 53448 86290 86291 
27682 27687 53445 53446 53448 86292 86294 
27682 27687 53445 53446 86289 86290 86291 
27682 27687 53445 53446 86290 86291 86294 
27682 27687 53445 53447 53448 86292 
27682 27687 53445 53448 86289 86292 
27682 27687 53446 86290 86292 
27682 27688 53437 53438 53439 53446 53447 
27682 27688 53437 53438 53439 53448 
27682 27688 53437 53438 53448 86289 
27682 27688 53437 53438 53448 86290 
27682 27688 53437 53439 53446 53447 53448 
27682 27688 53437 53446 53448 86289 
27682 27688 53437 53446 53448 86290 
27682 27688 53437 53448 86289 86290 
27682 27688 53437 53448 86292 
27682 27688 53437 53448 86294 
27682 27688 53438 53439 53446 53447 53448 
27682 27688 53438 53446 53447 53448 86289 86290 
27682 27688 53438 53446 53447 53448 86291 
27682 27688 53438 53446 53447 53448 86294 
27682 27688 53438 53446 86292 
27682 27688 53438 53448 86289 86294 
27682 27688 53438 53448 86290 86294 
27682 27688 53438 53448 86292 
27682 27688 53446 53447 86289 86291 
27682 27688 53446 53447 86289 86294 
27682 27688 53446 53447 86290 86291 
27682 27688 53446 53447 86290 86294 
27682 27688 53446 53448 86289 86294 
27682 27688 53446 53448 86290 86294 
27682 27688 53446 53448 86292 
27682 27688 53446 86289 86290 86294 
27682 27688 53448 86289 86290 86294 
27682 27688 86290 86292 
27682 53437 53438 53445 53448 86294 
27682 53437 53438 53446 53448 86289 
27682 53437 53438 53446 53448 86290 
27682 53437 53438 53448 86289 86290 
27682 53437 53438 53448 86292 86294 
27682 53437 53445 53447 53448 86292 
27682 53437 53446 53447 53448 86289 
27682 53437 53446 53447 53448 86290 
27682 53437 53446 53448 86292 86294 
27682 53437 53447 53448 86291 
27682 53437 53447 53448 86294 
27682 53437 53448 86289 86292 
27682 53437 53448 86289 86294 
27682 53437 53448 86290 86294 
27682 53438 53445 53447 53448 86291 
27682 53438 53445 53447 53448 86294 
27682 53438 53445 53448 86292 86294 
27682 53438 53446 53448 86289 86294 
27682 53438 53446 53448 86290 86294 
27682 53438 53446 53448 86292 
27682 53438 53446 86290 86291 
27682 53438 53447 53448 86292 
27682 53438 53448 86289 86290 86294 
27682 53438 53448 86290 86292 
27682 53445 53448 86291 86294 
27682 53446 53447 53448 86289 86291 
27682 53446 53447 53448 86289 86294 
27682 53446 53447 53448 86290 86291 
27682 53446 53447 53448 86290 86294 
27682 53446 53447 53448 86292 
27682 53446 53447 86289 86290 86291 
27682 53446 53447 86289 86290 86294 
27682 53446 53447 86290 86291 86294 
27682 53446 53448 86289 86290 86291 
27682 53446 53448 86289 86292 
27682 53446 53448 86290 86292 
27682 53446 53448 86291 86294 
27682 53446 86289 86291 86294 
27682 53448 86289 86290 86292 
27682 53448 86289 86292 86294 
27682 53448 86290 86292 86294 
30818 34067 
30818 36503 
30818 106081 
49594 49595 
49658 49698 
80562 96073 
80562 105309 
80562 105388 
102299 132454 
3553 49482 
3553 49596 
10746 12734 12735 
10746 65551 
16985 22180 33872 
16985 33872 33881 
18241 18248 18928 33872 33885 
18241 18248 18928 33885 33886 
18241 18248 22175 22178 33872 33884 33886 
18241 18248 22175 33881 33886 
18241 18248 22178 33872 33881 33886 
18241 18248 22187 33881 
18241 18248 33873 33881 33884 
18241 18248 33872 33881 33884 
18241 18248 33881 33885 
18241 18919 18928 33885 
18241 18919 33873 33885 
18241 18928 22178 33872 33885 33886 
18241 18928 33873 33885 
18241 18928 33872 33884 33885 
18241 18928 33872 33881 33885 
18241 22167 22168 33872 33881 33886 
18241 22168 33872 33885 33886 
18241 22175 22178 33872 33881 
18241 22178 33872 33881 33884 33886 
18241 22167 22175 33872 33873 33881 
18241 22175 33872 33873 33881 33886 
18241 33872 33881 33884 33885 
22168 22178 33873 33886 
22168 22179 33872 33881 33885 
22168 22179 33872 33885 33886 
22168 33873 33879 
26072 30806 
26072 36495 
27688 53437 53438 53439 53445 53447 53448 
27688 53437 53438 53445 53448 86292 
27688 53437 53438 53445 53448 86294 
27688 53437 53438 53446 53448 86289 
27688 53437 53438 53446 53448 86290 
27688 53437 53438 53446 53448 86294 
27688 53437 53438 53447 53448 86289 
27688 53437 53438 53447 53448 86294 
27688 53437 53438 53448 86289 86290 
27688 53437 53438 53448 86292 86294 
27688 53438 53439 53446 53447 53448 86290 86291 
27688 53438 53439 53446 53447 53448 86290 86292 86294 
27688 53438 53439 53446 53447 86291 86292 
27688 53438 53439 53446 53447 86291 86294 
27688 53438 53439 53445 53447 53448 86292 
27688 53438 53439 53447 53448 86291 86292 86294 
27688 53438 53439 53445 53448 86292 86294 
27688 53438 53446 53447 53448 86290 86291 86294 
27688 53438 53446 53447 53448 86289 86291 
27688 53438 53446 53447 53448 86291 86292 86294 
27688 53438 53446 53447 53448 86289 86294 
27688 53438 53446 53447 86290 86291 86292 
27688 53438 53446 53448 86289 86290 86294 
27688 53438 53445 53447 53448 86289 86291 
27688 53438 53445 53447 53448 86289 86294 
27688 53438 53445 53447 53448 86291 86294 
27688 53438 53445 53447 53448 86292 86294 
27688 53438 53445 53448 86289 86292 
27688 53438 53448 86289 86292 86294 
27688 53437 53439 53445 53447 53448 86289 
27688 53437 53439 53445 53448 86292 
27688 53437 53439 53445 53448 86294 
27688 53437 53439 53446 53447 53448 86289 
27688 53437 53439 53446 53447 53448 86294 
27688 53437 53439 53447 53448 86292 
27688 53437 53439 53448 86290 
27688 53437 53439 53448 86292 86294 
27688 53439 53445 53446 86289 86294 
27688 53439 53446 53447 53448 86289 86290 
27688 53439 53446 53447 53448 86290 86291 86292 86294 
27688 53439 53446 53447 86289 86294 
27688 53439 53446 53448 86289 86294 
27688 53439 53445 53447 86289 86294 
27688 53439 53447 53448 86289 86291 
27688 53439 53447 53448 86289 86292 
27688 53439 53447 53448 86289 86294 
27688 53439 53445 53448 86289 86292 
27688 53439 53445 53448 86289 86294 
27688 53439 53448 86289 86292 86294 
27688 53437 53446 53447 53448 86289 86290 
27688 53437 53446 53447 53448 86292 
27688 53446 53447 53448 86289 86292 
27688 53446 53447 86289 86290 86291 86294 
27688 53437 53446 53448 86289 86294 
27688 53437 53446 53448 86292 86294 
27688 53446 53448 86289 86290 86292 
27688 53446 53448 86289 86292 86294 
27688 53437 53445 53447 53448 86292 
27688 53445 53447 53448 86289 86292 
27688 53437 53447 53448 86289 86291 
27688 53437 53447 53448 86289 86294 
27688 53437 53447 53448 86292 86294 
27688 53447 53448 86289 86292 86294 
27688 53448 86289 86290 86292 86294 
27688 53437 53448 86290 86292 
27688 53437 53448 86290 86294 
33872 33873 33879 33886 
33872 33879 33881 33886 
33872 33881 33883 
33872 47838 
40192 40198 
133929 134006 
8005 8012 33873 
8005 8012 33879 
8005 18241 18248 33873 33881 
8005 18241 18926 33881 
8005 18241 22167 22168 22175 22187 
8005 18241 22167 22168 22175 33872 
8005 18241 22167 22168 22175 33881 
8005 18241 22167 22168 22175 33886 
8005 18241 22167 22168 22180 33872 
8005 18241 22167 22168 33872 33881 
8005 18241 22167 22168 33872 33886 
8005 18241 22167 22168 33881 33886 
8005 18241 22168 22175 33872 33881 
8005 18241 22168 22175 33881 33886 
8005 18241 22168 33872 33881 33886 
8005 18241 22168 22180 33872 33886 
8005 18241 22168 33885 33886 
8005 18241 22167 22175 33872 33881 
8005 18241 22167 22175 33872 33886 
8005 18241 22167 22175 33881 33886 
8005 18241 22175 33872 33873 33881 
8005 18241 22175 33872 33881 33886 
8005 18241 22180 22187 33872 
8005 18241 22187 33872 33881 
8005 18241 22167 33872 33873 33881 33886 
8005 18241 22167 22180 33872 33881 
8005 18241 33872 33881 33885 
8005 18248 22168 33872 33886 
8005 18248 22187 
8005 18248 33872 33873 
8005 18919 18926 33872 33873 
8005 18919 22168 22175 33881 33885 
8005 18919 22168 33872 33873 33881 33885 
8005 18919 22168 33872 33873 33886 
8005 18919 22168 33881 33885 33886 
8005 18919 22187 33872 33873 
8005 18919 33872 33873 33879 33881 
8005 18919 33879 33881 33885 
8005 18926 22168 33881 33885 
8005 18926 22168 33886 
8005 18926 22175 33881 
8005 18926 22179 33885 
8005 18926 22187 
8005 18926 33873 33886 
8005 18926 33881 33885 33886 
8005 22167 22168 22175 22180 22187 33872 
8005 22167 22168 22175 22180 33872 33881 
8005 22167 22168 22175 22180 33872 33886 
8005 22167 22168 22175 22187 33872 33881 
8005 22167 22168 22175 22187 33872 33886 
8005 22167 22168 22175 22187 33881 33886 33887 
8005 22167 22168 22175 33881 33885 
8005 22167 22168 22175 33885 33886 
8005 22167 22168 22180 33872 33881 33886 
8005 22167 22168 33872 33885 
8005 22167 22168 33881 33885 33886 
8005 22168 22175 22178 33872 33886 
8005 22168 22175 22180 22187 33872 33881 
8005 22168 22175 22180 22187 33872 33886 
8005 22168 22175 22187 33872 33881 33886 
8005 22168 22175 22187 33881 33885 
8005 22168 22175 22187 33885 33886 
8005 22168 22175 33872 33873 33881 33885 
8005 22168 22175 33873 33881 33885 33886 
8005 22168 22175 22180 33872 33881 33886 
8005 22168 22175 33872 33881 33885 33886 
8005 22168 22178 33872 33873 33881 
8005 22168 22179 33872 33885 
8005 22168 22181 22187 
8005 22168 22187 33872 33873 33886 
8005 22168 22187 33873 33886 33887 
8005 22168 22187 33872 33886 33887 
8005 22168 33872 33873 33881 33885 33886 
8005 22168 33872 33873 33886 33887 
8005 22168 22180 33872 33881 33886 33887 
8005 22168 22180 33872 33885 33886 
8005 22168 33879 33886 
8005 22167 22180 22187 33872 33881 
8005 22167 22180 22187 33872 33886 
8005 22180 22187 33872 33881 33885 
8005 22180 22187 33872 33881 33886 
8005 22167 22187 33872 33881 33886 
8005 22187 33881 33885 33886 
8005 22187 33881 33885 33887 
8005 22178 33872 33873 33881 33886 
8005 33873 33879 33881 33885 
8005 33873 33879 33886 
8005 22167 33872 33881 33885 
8005 33879 33881 33886 
18918 18919 18926 
18918 18926 33872 33881 33885 
18918 18928 22178 33872 33885 
18918 18928 22180 33872 33885 
18918 22179 33872 33885 
18918 33872 33879 33885 
18918 22187 33872 33881 33885 
18918 33872 33884 33885 
18918 22175 33881 33885 
18918 33881 33885 33886 
18918 22175 33885 33886 
18918 33885 33887 
18926 22167 22175 33872 33881 
18926 22167 22175 33881 33885 
18926 22175 22187 33881 33885 
18926 22175 33872 33873 33881 
18926 22175 33872 33881 33885 
18926 22175 33872 33881 33886 
18926 22175 33881 33885 33886 
18926 22179 33872 33881 33885 
18926 22187 33872 33881 33885 
18926 22187 33887 
18926 22167 33872 33873 33881 
18926 22167 33872 33881 33885 
18926 33872 33881 33885 33886 
18926 33873 33881 33886 
18926 33881 33885 33887 
18926 22167 33881 33886 
18926 33884 33885 
22181 22187 33872 33873 33887 
22181 33873 33885 
34077 80461 
34077 102322 
34077 103495 
34077 106107 
53437 53438 53445 53447 53448 86292 
53437 53438 53445 53448 86292 86294 
53437 53438 53446 53448 86289 86290 
53437 53438 53446 53448 86292 
53437 53438 53447 53448 86290 
53437 53438 53447 53448 86291 
53437 53438 53448 86289 86292 
53437 53438 53448 86289 86294 
53437 53438 53448 86290 86292 
53437 53439 53445 53447 53448 86291 
53437 53439 53445 53447 53448 86292 86294 
53437 53439 53445 53448 86289 86292 
53437 53439 53445 53448 86289 86294 
53437 53439 53446 53447 53448 86290 
53437 53439 53446 53447 53448 86292 
53437 53439 53447 53448 86289 86291 
53437 53439 53447 53448 86289 86292 
53437 53439 53447 53448 86289 86294 
53437 53439 53448 86289 86290 
53437 53439 53448 86289 86292 86294 
53437 53445 53447 53448 86289 86292 
53437 53445 53447 53448 86291 86294 
53437 53445 53448 86289 86291 86294 
53437 53445 53448 86291 86292 86294 
53437 53446 53447 53448 86289 86291 
53437 53446 53447 53448 86289 86294 
53437 53446 53447 53448 86292 86294 
53437 53446 53448 86289 86290 86292 
53437 53446 53448 86289 86290 86294 
53437 53446 53448 86289 86292 86294 
53437 53446 53448 86290 86291 
53437 53446 53448 86290 86292 86294 
53437 53446 53448 86291 86294 
53437 53447 53448 86289 86291 86294 
53437 53447 53448 86289 86292 86294 
53437 53447 53448 86291 86292 86294 
53437 53447 53448 86290 86292 
53437 53448 86289 86290 86292 86294 
53445 53448 86289 86291 86292 86294 
18240 18241 18248 18918 18928 33885 
18240 18241 18248 22175 22178 33872 33886 
18240 18241 18248 22178 33872 33884 33886 
18240 18241 18248 22187 
18240 18241 18248 33872 33881 
18240 18241 18248 33881 33886 
18240 18241 18918 18928 33872 33885 
18240 18241 18928 22178 33872 33885 
18240 18241 18928 33881 33885 
18240 18241 18928 33885 33886 
18240 18241 22178 33872 33881 33886 
18240 18241 33872 33881 33884 33886 
18240 18241 33872 33881 33885 
18240 18241 33872 33884 33885 
18240 18241 33872 33885 33886 
18240 18248 18918 18928 33872 33885 
18240 18248 22167 33886 
18240 18248 22175 33872 33884 33886 
18240 18248 22175 33881 33886 
18240 18248 22180 33872 33884 
18240 18248 22180 33872 33886 
18240 18248 22187 33872 
18240 18248 22187 33881 
18240 18248 33872 33881 33884 
18240 18248 33872 33881 33886 
18240 22167 22175 
18240 22167 22180 33872 33881 
18240 22167 22180 33872 33886 
18240 22167 33872 33881 33886 
18240 22167 33872 33884 33886 
18240 22180 22187 33872 
18240 22180 33872 33884 33886 
18240 22175 33872 33881 
18240 22187 33872 33881 
18248 22167 22175 22180 33872 33886 
18248 22167 22175 22187 33886 
18248 22167 22175 33881 33886 
18248 22175 22178 33872 33881 33886 
18248 22175 22187 33881 33886 
18248 22175 22187 33872 33886 
18248 22175 33872 33881 33884 33886 
18248 22175 22180 33872 33884 33886 
18248 22175 33885 33886 
18248 22178 22187 33872 33886 
18248 22178 33872 33881 33884 33886 
18248 22178 33872 33885 33886 
18248 22167 22180 22187 33872 33886 
18248 22180 22187 33872 33881 
18248 22180 22187 33872 33884 
18248 22187 33872 33881 33884 
18248 22187 33872 33881 33886 
18248 22167 22187 33881 33886 
18248 22187 33881 33887 
18248 22187 33872 33884 33886 
18248 22187 33872 33887 
18248 22187 33886 33887 
18248 22190 
18248 22167 22180 33872 33881 33886 
18248 22180 33872 33881 33884 
18248 22167 22180 33872 33884 33886 
18248 33872 33884 33885 
18928 22178 33872 33884 33885 
18928 22178 22180 33872 33885 
18928 22180 33872 33884 33885 
18928 33872 33884 33885 33886 
18928 33881 33885 33886 
18928 22175 33885 33886 
23713 34076 
26081 30818 
26081 34077 
33873 33879 33881 33885 33886 
49553 49689 49698 
49689 49700 
8003 8005 18241 22167 22175 33886 
8003 8005 18241 22167 33872 33886 
8003 8005 18241 22167 33881 33886 
8003 8005 18241 22168 22175 33872 33886 
8003 8005 18241 22175 33881 33886 
8003 8005 18241 22180 33872 
8003 8005 18241 22187 
8003 8005 18241 33872 33873 33881 
8003 8005 18241 33872 33881 33886 
8003 8005 18926 33881 
8003 8005 18926 33885 
8003 8005 22167 22168 22175 22187 33881 33886 
8003 8005 22167 22168 22175 33872 33881 33886 
8003 8005 22167 22175 33872 33873 33881 33886 
8003 8005 22167 22180 33872 33886 
8003 8005 22167 22187 33872 33886 
8003 8005 22167 33885 33886 
8003 8005 22168 22175 22187 33872 33886 
8003 8005 22168 22175 22187 33881 33886 33887 
8003 8005 22168 22175 33872 33885 33886 
8003 8005 22168 22175 33881 33885 33886 
8003 8005 22180 22187 33872 33881 33887 
8003 8005 22180 22187 33872 33886 
8003 8005 22180 33872 33881 33886 
8003 8005 22187 33872 33881 33886 
8003 8005 22187 33872 33885 
8003 8012 22175 33881 
8003 8012 33872 33881 
8003 8012 33879 33881 
8003 8012 33873 33881 
8003 8012 33881 33885 
8003 16985 33872 
8003 16991 33872 
8003 18240 18241 18248 22175 33886 
8003 18240 18241 18248 22178 33872 33886 
8003 18240 18241 18248 33872 33884 
8003 18240 18241 18248 33881 
8003 18240 18248 18918 18928 33885 
8003 18240 18248 22175 33872 33886 
8003 18240 18248 22187 
8003 18240 18248 33872 33881 
8003 18240 18248 33872 33884 33886 
8003 18240 18248 33881 33886 
8003 18241 18248 18928 33885 
8003 18241 18248 22175 22178 33872 33886 
8003 18241 18248 22178 33872 33884 33886 
8003 18241 18248 22187 
8003 18241 18248 33872 33881 
8003 18241 18248 33881 33886 
8003 18248 18928 33872 33885 
8003 18248 22167 33886 
8003 18248 22175 33872 33884 33886 
8003 18248 22175 33881 33886 
8003 18248 22180 33872 33884 
8003 18248 22180 33872 33886 
8003 18248 22187 33872 
8003 18248 22187 33881 
8003 18248 33872 33881 33884 
8003 18248 33872 33881 33886 
8003 18918 22175 33885 
8003 18918 22187 33872 33885 
8003 18918 33872 33881 33885 
8003 18918 33885 33886 
8003 18926 22175 33881 
8003 18926 33872 33881 33885 
8003 18926 33873 33881 
8003 22167 22175 22180 22187 33872 33881 33887 
8003 22167 22175 22180 22187 33872 33886 
8003 22167 22175 22180 33872 33881 33886 
8003 22167 22175 22187 33872 33881 33886 
8003 22167 22175 22187 33881 33886 33887 
8003 22167 22175 33881 33885 
8003 22167 22175 33885 33886 
8003 22167 22180 22187 33872 33881 33886 
8003 22167 22187 33881 33885 
8003 22167 22187 33885 33886 
8003 22167 33872 33884 
8003 22167 33872 33885 
8003 22167 33881 33885 33886 
8003 22175 22180 22187 33872 33881 33886 33887 
8003 22175 22180 33872 33884 
8003 22175 22180 33872 33885 
8003 22175 22187 33872 33884 
8003 22175 22187 33872 33885 
8003 22175 22187 33881 33885 33886 
8003 22175 33872 33881 33884 33886 
8003 22175 33872 33881 33885 33886 
8003 18241 22175 33872 33884 33886 
8003 22180 22187 33872 33881 33884 
8003 22180 22187 33872 33881 33885 
8003 22180 33872 33884 33886 
8003 22180 33872 33885 33886 
8003 22180 33872 33885 33887 
8003 22187 33872 33884 33886 
8003 22187 33872 33885 33886 
8003 18241 33872 33873 33881 33886 
8003 33872 33879 33881 
8003 33872 33879 33885 
8003 18241 33872 33881 33884 
8003 33872 33881 33884 33885 
8003 22179 33872 33885 
8003 22181 33873 33881 
8003 33873 33879 33881 
8003 33879 33881 33885 
16515 30806 
16515 30818 
16515 36503 
16515 109173 
18515 20349 20350 
18515 20349 22737 22738 
18515 20349 22737 22739 
18515 20349 22738 22739 
18515 20349 22739 33979 
18515 20350 22737 22738 
18515 22737 22738 33979 
22179 22180 33872 33885 
22179 33884 33885 
22187 22190 
22187 22192 33872 33886 33887 
22187 33872 33881 33884 33885 
34067 102292 
40187 40198 
49595 49596 
49667 49689 
102322 104510 
125107 125133 
131252 132516 
2028 2030 2031 3551 3552 
2028 2030 2031 3552 3553 
2028 2030 3551 3552 3553 
2028 2030 49595 
2028 2031 3551 3552 3553 
2028 2031 49595 
2028 49594 
8012 18926 
8012 22175 33872 33881 
8012 22175 33881 33885 
8012 22175 33881 33886 
8012 22187 33881 
8012 33872 33879 33881 
8012 33873 33879 33881 
8012 33879 33881 33885 
8012 33872 33881 33885 
8012 33873 33881 33885 
18925 33879 
18925 33873 33885 
20349 22737 22739 33979 33981 33984 
30806 30818 
30806 30822 
30806 30833 
30806 36495 
30806 36530 
30806 106101 
30806 125107 
30806 125133 
30822 106101 
30822 119002 
30822 125133 
35806 35812 49694 
35806 49686 49689 49694 
49686 49700 
49694 49698 
53438 53446 53448 86289 86290 86291 
53438 53446 53448 86290 86291 86292 86294 
53438 53446 53448 86289 86292 
53438 53445 53448 86289 86292 86294 
53438 53448 86289 86290 86292 
53438 53448 86289 86291 86294 
53446 53447 53448 86289 86290 86291 86294 
53446 53447 53448 86289 86290 86292 
53446 53447 53448 86289 86292 86294 
