330 22354 
1522 20385 
2826 2851 
2858 2861 
2858 2878 
2858 14481 
2858 20385 
2858 20411 
2874 26924 
3250 25964 
3882 17263 
4082 4084 4085 
4082 4084 4087 
4082 4087 4089 
4082 10770 10881 
4170 26924 
4170 26935 26936 26938 
4274 4284 
4274 8881 
4274 27205 
4434 26919 26925 26935 26936 
4538 14485 
5954 13362 
5954 13486 
10530 10531 10534 10535 10538 
10530 10531 10541 
10770 10859 10881 
10770 10842 10881 
10842 10843 10844 10881 10904 
10842 10844 10859 10881 10904 
10842 10844 10881 10883 10904 
10842 10858 10881 
10858 10859 10861 10881 
13362 13374 
13362 13384 13482 
13362 13385 13439 14264 
13362 13385 17263 
13362 13385 18647 
13362 13430 
13362 13434 13482 
13362 13434 13486 
13362 13439 13482 14264 
13362 13452 25921 
13362 13469 
13362 13474 
13362 13482 13486 
13362 13482 14260 
13362 13482 14288 
13362 13482 14304 30837 
13362 13482 17380 
13362 13482 26439 
13362 13482 27427 
13362 13486 14304 
13362 13486 25964 
13362 13486 26441 
13362 14217 17319 
13362 14223 17263 
13362 14264 18647 
13362 14274 
13362 14300 
13362 14304 26449 
13434 13439 13482 26439 
13434 13439 14264 
13434 14260 
13474 18668 
13482 30316 
13482 30849 
13930 14223 
14274 25921 
14690 14695 14696 14697 14698 14710 14711 14712 14717 14718 14723 
14706 14710 
16394 16396 16398 32700 32722 
16394 16396 32698 32700 32701 32722 32723 32731 
16394 16398 32690 32692 32693 32698 32700 32722 32723 32731 
16394 16398 32698 32700 32701 32722 32723 32731 
16394 16398 24642 32698 32700 32722 32723 32731 
16394 16398 32692 32694 32698 32700 32722 32723 32731 
16394 16399 32692 32694 32701 
16394 16399 32698 32700 32701 32722 32723 32731 
16394 32580 32701 
16394 32690 32692 32693 32694 32698 32700 32722 32723 32731 
16394 32690 32692 32693 32698 32700 32701 32722 32723 32731 
16394 32692 32694 32698 32700 32701 32722 32723 32731 
18842 18854 
18842 23854 
18842 26837 
18842 26877 
18842 26908 
22106 26919 26935 26936 
22882 22892 22893 26935 26936 
22882 22892 26919 26925 26935 26936 
25946 26020 
25954 30837 
26938 30901 
26938 30899 30925 
32114 32131 
32114 32462 
32490 32523 
32490 32690 32722 32731 
1539 26919 26936 
1539 26935 26936 
2843 2878 
2851 2860 
2851 2861 
2851 2868 
2851 2878 
2851 14481 
2875 2878 
2875 22991 
3187 3255 
4267 22092 26936 
4267 22106 
4547 12670 23007 
4547 14485 22988 27384 
4547 22977 22985 26936 
5099 5125 
9435 9438 
9435 9447 
9435 9502 13362 
9435 9502 13439 
9435 9518 
9435 13362 13439 
9435 13362 13482 
9435 13363 
9435 13374 
9435 13385 
9435 13415 
9435 13430 
9435 13434 
9435 13452 
9435 13469 
9435 13471 
9435 13486 
9475 23446 
10747 10751 10752 10759 
10771 10844 
10771 10858 10861 
10859 10861 10881 10904 
11883 11887 11909 
11883 11899 
11883 11900 
11883 11920 
11899 11900 
11899 11921 
11899 14819 30266 
11899 27873 
13219 13362 13434 
14819 27873 30266 
16387 16394 16398 32493 32495 32700 32722 
18643 18647 
18643 26039 
20411 30925 
22099 23333 
22995 23005 
23891 27098 
24307 24316 24317 32520 32528 32731 
24307 24316 24317 32523 32526 32527 32528 32721 32722 32723 32731 
24307 24317 32722 32729 32731 
24307 32523 32526 32527 32528 32721 32722 32723 32728 32729 32731 
24307 32528 32627 32731 
25179 25183 
27267 27337 
27299 27337 
30899 30901 
32491 32700 32704 
32523 32524 32525 32528 32529 32689 32693 32698 32700 32704 32705 32731 
32523 32524 32528 32529 32693 32694 32698 32700 32731 
32523 32524 32528 32529 32693 32697 32698 32731 
32523 32524 32528 32529 32693 32698 32700 32701 32731 
32523 32525 32526 32527 32528 32581 32584 32704 32705 32722 32723 32728 32729 32731 
32523 32525 32526 32527 32528 32581 32703 32705 32721 32722 32723 32728 32729 32731 
32523 32525 32526 32527 32528 32624 32703 32705 32721 32722 32723 32728 32729 32731 
32523 32525 32528 32529 32689 32693 32694 32704 32705 32731 
32523 32525 32528 32627 32704 32705 32731 
32523 32526 32527 32528 32584 32721 32722 32723 32728 32729 32731 
32523 32526 32527 32528 32625 32627 32721 32722 32723 32728 32729 32731 
32523 32526 32527 32528 32626 32721 32722 32723 32728 32729 32731 
32523 32527 32693 32700 32701 
32675 32694 
484 29231 
2844 2851 
2844 2860 
2844 2868 
2844 4535 
2844 12670 
2860 22087 22092 
2868 2887 
2868 22092 
2868 22087 22985 
2868 22977 22985 26936 
2868 26924 
2868 26932 
3180 3183 
3180 13486 
4084 4085 4086 4087 4089 10844 10858 10861 10883 
4084 4085 4087 4089 10840 10858 10861 
4084 4085 4087 4089 10842 10844 10858 10861 10883 
4084 4085 4089 10771 
4084 4085 4089 10840 10844 
4084 4087 10881 
4084 4088 10881 
4284 4285 
4284 22106 
4284 30899 
5060 5066 
5060 5072 5156 
7156 7167 
11900 30266 
12468 12471 
12468 25453 
13452 13486 
13452 17346 
13452 28344 
14260 14264 
14260 14288 
14260 14304 
14284 14304 
14300 25964 
16388 16389 16397 16398 32526 32527 32528 32722 32723 32731 
16388 16389 16398 32520 32526 32527 32528 32622 32694 32722 32723 32731 
16388 16389 16398 32523 32526 32527 32528 32690 32721 32722 32723 32731 
16388 16389 16398 32526 32527 32528 32529 32628 32698 32722 32723 32731 
16388 16389 16398 32526 32527 32528 32585 32692 32702 32722 32723 32728 32729 32731 
16388 16394 16396 32524 32527 32692 32700 32702 32722 32728 
16388 16394 16398 32524 32526 32527 32528 32529 32628 32692 32698 32700 32702 32722 32723 32728 32729 32731 
16388 16394 16399 32524 32527 32529 32585 32692 32701 32729 
16388 16394 32487 32491 32524 32527 32692 
16388 16394 32519 32524 32527 32529 32585 32692 32701 32729 
16388 16394 32519 32524 32527 32692 32700 32702 32722 32728 
16388 16394 32523 32524 32526 32527 32528 32529 32690 32692 32693 32698 32700 32702 32722 32723 32728 32729 32731 
16388 16394 32524 32525 32527 32692 32700 32702 32704 32722 32728 
16388 16394 32524 32526 32527 32528 32529 32584 32585 32692 32698 32700 32701 32702 32722 32723 32728 32729 32731 
16388 16394 32524 32526 32527 32528 32529 32692 32694 32698 32700 32702 32722 32723 32728 32729 32731 
16388 16394 32524 32527 32529 32585 32692 32694 32701 32729 
16388 16394 32524 32527 32692 32699 
16388 16395 32525 32527 32692 32702 32722 32728 
16388 16396 16397 16398 32526 32527 32528 32582 32585 32692 32702 32722 32723 32728 32729 32731 
16388 16396 16398 32525 32527 32692 32702 32722 32728 
16388 16396 32519 32527 32692 32702 32722 32728 
16388 16396 32523 32525 32526 32527 32528 32581 32582 32585 32689 32690 32692 32702 32705 32722 32723 32728 32729 32731 
16388 16396 32525 32527 32692 32702 32704 32722 32728 
16388 16396 32526 32527 32528 32529 32582 32584 32585 32692 32698 32702 32722 32723 32728 32729 32731 
16388 16396 32526 32527 32528 32582 32585 32692 32694 32702 32722 32723 32728 32729 32731 
16388 16397 16398 32520 32526 32527 32528 32622 32694 32722 32723 32731 
16388 16397 16398 32523 32526 32527 32528 32690 32721 32722 32723 32731 
16388 16397 16398 32526 32527 32528 32529 32628 32698 32722 32723 32731 
16388 16397 16399 32527 
16388 16397 32519 32527 32529 
16388 16397 32524 32527 32529 
16388 16397 32527 32529 32585 32692 32729 
16388 16397 32527 32529 32694 
16388 16397 32527 32585 32692 32694 32729 
16388 16397 32496 32527 32585 32692 32729 
16388 16397 32496 32581 32690 32703 32722 32729 32731 
16388 16397 32496 32694 32729 
16388 16397 32694 32722 32729 32731 
16388 16398 16399 32526 32527 32528 32722 32723 32731 
16388 16398 24307 32523 32526 32527 32528 32690 32721 32722 32723 32731 
16388 16398 24635 24641 24642 32526 32527 32528 32529 32626 32628 32692 32698 32702 32722 32723 32728 32729 32731 
16388 16398 24641 32523 32526 32527 32528 32690 32692 32702 32721 32722 32723 32728 32729 32731 
16388 16398 24641 32526 32527 32528 32622 32692 32694 32702 32722 32723 32728 32729 32731 
16388 16398 24641 32526 32527 32528 32585 32692 32702 32722 32723 32728 32729 32731 
16388 16398 32487 32493 32495 32525 32527 32692 32702 32704 32722 32728 
16388 16398 32519 32524 32527 32722 
16388 16398 32519 32526 32527 32528 32529 32628 32698 32722 32723 32731 
16388 16398 32519 32527 32692 32702 32722 32728 
16388 16398 32520 32523 32526 32527 32528 32622 32690 32694 32721 32722 32723 32731 
16388 16398 32520 32526 32527 32528 32529 32622 32628 32694 32698 32722 32723 32731 
16388 16398 32520 32526 32527 32528 32585 32622 32692 32694 32702 32722 32723 32728 32729 32731 
16388 16398 32523 32524 32526 32527 32528 32529 32628 32690 32693 32698 32721 32722 32723 32731 
16388 16398 32496 32523 32525 32526 32527 32528 32689 32690 32692 32702 32703 32705 32721 32722 32723 32728 32729 32731 
16388 16398 32523 32526 32527 32528 32529 32622 32625 32627 32628 32690 32693 32694 32698 32721 32722 32723 32731 
16388 16398 32523 32526 32527 32528 32529 32628 32690 32692 32693 32698 32702 32721 32722 32723 32728 32729 32731 
16388 16398 32523 32526 32527 32528 32622 32690 32692 32694 32702 32721 32722 32723 32728 32729 32731 
16388 16398 32523 32526 32527 32528 32585 32690 32692 32702 32721 32722 32723 32728 32729 32731 
16388 16398 32524 32526 32527 32528 32529 32622 32628 32694 32698 32722 32723 32731 
16388 16398 32524 32527 32623 32722 
16388 16398 32524 32527 32627 32722 
16388 16398 32526 32527 32528 32529 32584 32585 32628 32692 32698 32702 32722 32723 32728 32729 32731 
16388 16398 32526 32527 32528 32529 32622 32628 32692 32694 32698 32702 32722 32723 32728 32729 32731 
16388 16398 32527 32627 32692 32702 32722 32728 
16388 16399 32519 32524 32527 32529 
16388 16399 32523 32526 32527 32528 32690 32722 32723 32731 
16388 16399 32524 32526 32527 32528 32529 32698 32722 32723 32731 
16388 16399 32524 32527 32529 32694 
16388 16399 32526 32527 32528 32585 32692 32702 32722 32723 32728 32729 32731 
16388 16399 32526 32527 32528 32694 32722 32723 32731 
16388 16399 32527 32585 32692 32694 32729 
16388 24128 32523 32526 32527 32528 32529 32690 32692 32693 32698 32702 32722 32723 32728 32729 32731 
16388 24307 24317 32690 32722 32731 
16388 32487 32496 32527 32529 32692 32729 
16388 32519 32523 32526 32527 32528 32529 32690 32693 32698 32722 32723 32731 
16388 32519 32524 32526 32527 32528 32529 32698 32722 32723 32731 
16388 32519 32524 32527 32529 32694 
16388 32519 32526 32527 32528 32529 32584 32585 32692 32698 32702 32722 32723 32728 32729 32731 
16388 32519 32526 32527 32528 32529 32694 32698 32722 32723 32731 
16388 32519 32527 32529 32585 32692 32694 32729 
16388 32522 32527 32692 
16388 32523 32524 32526 32527 32528 32529 32690 32693 32694 32698 32722 32723 32731 
16388 32523 32525 32526 32527 32528 32529 32689 32690 32692 32693 32698 32702 32704 32705 32722 32723 32728 32729 32731 
16388 32523 32525 32526 32527 32528 32689 32690 32692 32694 32702 32705 32722 32723 32728 32729 32731 
16388 24314 32523 32526 32527 32528 32690 32722 32723 32731 
16388 32523 32526 32527 32528 32529 32584 32585 32690 32692 32693 32698 32702 32722 32723 32728 32729 32731 
16388 32523 32526 32527 32528 32529 32690 32692 32693 32694 32698 32702 32722 32723 32728 32729 32731 
16388 32523 32526 32527 32528 32585 32690 32692 32694 32702 32722 32723 32728 32729 32731 
16388 32524 32527 32529 32699 
16388 32524 32527 32697 
16388 32493 32526 
16388 24134 32526 32527 32528 32529 32692 32698 32702 32722 32723 32728 32729 32731 
16388 32526 32527 32528 32529 32584 32585 32692 32694 32698 32702 32722 32723 32728 32729 32731 
16388 32272 32527 32529 32692 32729 
16388 32496 32527 32692 32694 32729 
16388 32527 32685 32692 32702 32722 32728 
16396 16398 32493 32495 32722 
16396 16398 32690 32692 32722 32723 32731 
16396 16398 32698 32722 32723 32731 
16396 16398 32692 32694 32722 32723 32731 
16396 16399 32722 32723 32731 
16396 32690 32692 32693 32698 32722 32723 32731 
16396 32690 32692 32694 32722 32723 32731 
16396 32524 32528 32529 32698 32700 32722 
16396 32693 32698 32700 32722 
16396 32528 32529 32693 32698 32722 
16396 32692 32694 32698 32722 32723 32731 
22092 22977 22985 26936 
22092 26919 26935 26936 
25964 28806 
26020 30560 
26020 31915 
26932 26935 26936 
27308 27337 
27324 27337 32114 
32492 32493 32495 32722 
32524 32525 32697 32700 32704 
32524 32528 32529 32694 32698 32700 32701 32731 
32580 32700 
693 25967 
2861 2868 22985 23005 
2861 2875 
2861 2878 
2861 2889 
2861 3625 14485 
2861 4269 23005 
2861 22087 
2861 23009 
3629 26929 
3629 26936 
4085 10767 
4285 4432 26935 26936 
4285 22092 26936 
4285 26935 26936 30899 
4285 27180 
4285 30899 30925 
4405 4432 26924 26935 26936 
4405 4436 26924 
4405 4447 
4405 8875 
4405 8880 26936 
6621 6623 
6621 6624 
9453 18647 
11909 11919 
11909 11920 11921 11922 14820 27875 
11909 11920 11922 12471 14820 27875 
11909 11920 11922 14817 14820 27875 
11909 11920 11922 14819 14820 27875 30266 
11909 11920 14817 14819 
11909 14807 14820 
11909 14816 
11909 12471 14817 14820 
11909 14817 14819 14820 30266 
13981 13983 14030 
14485 14492 
14485 14514 23009 
14485 20385 
14485 22977 22985 26919 26925 26935 26936 
14485 22991 
14485 23007 
14709 14710 14712 
16389 16396 16398 32722 32723 32731 
16389 16398 16399 32722 32723 32731 
16389 16398 32690 32693 32698 32722 32723 32731 
16389 16398 32690 32692 32722 32723 32731 
16389 16398 32690 32694 32722 32723 32731 
16389 16398 32694 32698 32722 32723 32731 
16389 16398 32692 32694 32722 32723 32731 
17429 28494 
20141 20221 
22893 26919 26936 
22893 26924 26936 28320 
23005 27382 
23005 28512 
25181 25183 
25453 25456 
25917 25921 28344 
26837 26877 
26837 28384 
26877 28384 
27381 27382 
27381 27384 
27381 30899 
30837 31910 
30901 30925 
30901 30971 
32493 32495 32496 32690 32693 32703 32722 32729 32731 
32493 32495 32690 32693 32694 32722 32731 
32581 32584 32689 32693 32704 
32581 32624 32703 32722 32729 32731 
32693 32694 32698 32700 32701 32731 
574 13362 
574 13452 
638 25921 
2878 26929 
2886 4284 4432 4434 26935 26936 
2886 4274 4432 4434 26919 26935 26936 
3206 3255 
4254 4274 
4254 4284 
4254 4405 
4550 26936 
5078 5125 
9438 9502 
9438 13362 
9502 14264 
9526 13362 13482 
11558 11583 
11910 14806 
12670 14485 
12670 22977 23007 
12670 22991 
12670 23009 
13374 17319 
13430 13439 
13430 13486 
13430 17319 
13430 25964 
13982 13983 
13982 13985 
14238 14264 
14270 14304 
14270 17341 
14270 28344 
14294 14304 
16390 16398 32520 32528 32529 32622 32628 32694 32731 
16398 16399 32694 32722 32723 32731 
16398 16399 32690 32722 32723 32731 
16398 16399 32698 32722 32723 32731 
16398 32493 32495 32690 32692 32693 32698 32722 32723 32731 
16398 32520 32523 32528 32529 32622 32627 32628 32693 32694 32731 
16398 32520 32524 32528 32529 32622 32628 32694 32698 32731 
16398 32523 32524 32528 32529 32622 32627 32628 32693 32694 32698 32731 
16398 32523 32524 32528 32529 32628 32693 32698 32700 32731 
16398 32523 32525 32528 32529 32628 32689 32693 32704 32705 32731 
16398 32523 32525 32528 32622 32689 32694 32705 32731 
16398 32524 32528 32529 32622 32628 32694 32698 32700 32731 
16398 32524 32528 32529 32628 32698 32700 32701 32731 
16398 32524 32627 32700 
16398 32525 32627 32704 
16398 32520 32523 32527 32693 
16398 32523 32527 32693 32700 
16398 32523 32693 32700 32701 
16398 32690 32692 32693 32694 32698 32722 32723 32731 
16398 24642 32690 32692 32693 32698 32722 32723 32731 
16398 32693 32694 32698 32700 32731 
16398 32693 32698 32700 32701 32731 
16398 32524 32525 32700 32704 
16398 32694 32698 32700 32701 32731 
16398 24642 32692 32694 32698 32722 32723 32731 
17326 17380 
17350 17432 
17350 26039 
18814 18842 
18814 23854 
23854 26837 
23854 26877 
26150 29231 
27382 27384 28512 30925 
27382 30899 
27998 28808 
28502 28512 
32526 32527 32528 32584 32626 32722 32723 32728 32729 32731 
32678 32693 32731 
3216 3255 14304 
3216 17319 
3888 13385 
4088 4089 10881 
4088 4089 10904 
4088 10770 10881 
4088 10881 10904 
4272 4284 4432 26935 26936 
4272 4285 26936 
4272 8880 26936 
4272 22092 26936 
4272 22882 22892 26935 26936 
4272 26919 26935 26936 
4272 26932 
4424 22985 
4424 22991 
4424 23005 
4432 8880 26935 26936 
4432 22092 
4432 22985 
4432 26935 26936 30899 
7064 7114 
7064 7156 9435 
7064 9435 13439 
7064 13362 
7064 13403 
7064 13434 
7064 13482 
7064 13486 
10752 10753 10943 
10840 10842 10844 10858 10861 10883 
11136 20385 
11856 11861 
11856 17947 
11856 17962 
11920 27873 
12464 12471 14820 
12464 14807 14820 
12464 14817 
12464 14819 
13408 13439 
14264 14304 
14264 22295 
14264 26408 
14264 27427 
14304 18575 
14304 25975 
14304 28817 
14304 30233 
14304 31371 
14688 14689 14690 14691 14692 14695 14696 14710 14711 14712 14717 14718 14723 
14688 14689 14690 14692 14696 14698 14710 14712 14718 
14688 14689 14691 14692 14695 14696 14697 14698 14711 14712 14717 14723 
14688 14689 14691 14692 14695 14696 14697 14710 14711 14712 14717 14723 
14688 14689 14691 14692 14695 14696 14697 14711 14712 14717 14718 14723 
14688 14689 14691 14692 14696 14698 14710 14711 14712 14717 14723 
14688 14689 14691 14692 14696 14698 14711 14712 14717 14718 14723 
14688 14689 14692 14695 14696 14698 14710 14712 
14688 14689 14692 14695 14696 14698 14712 14718 
14688 14689 14692 14695 14698 14710 14711 14712 14717 14723 
14816 14817 14819 
17320 18643 
17320 26039 
20248 20249 20250 20251 20252 24083 25123 25127 25722 
20248 20249 20251 20252 24081 24083 25123 25124 25722 
20248 20249 20251 20252 24081 24083 25123 25127 25722 
20248 20249 20251 20252 24083 25123 25124 25127 25722 
20248 20249 20251 20252 24083 25123 25126 25127 25722 
20392 22985 
24128 32525 32528 32704 
26936 26937 
28344 28384 
29784 29796 
30560 31915 
32496 32624 32690 32694 32703 32722 32729 32731 
32520 32523 32525 32528 32705 32731 
32520 32523 32526 32527 32528 32625 32627 32721 32722 32723 32731 
32520 32523 32526 32527 32528 32721 32722 32723 32728 32729 32731 
32520 32526 32527 32528 32584 32722 32723 32728 32729 32731 
32584 32693 32700 
32624 32704 32705 
32688 32693 32700 
32688 32701 
479 484 
479 29231 
3167 3180 9435 9502 
3167 3180 9435 13362 
3167 3247 9526 
3167 3252 
3167 9435 9526 
3167 9435 13439 14264 
3183 3216 
3183 3255 14304 
3183 13362 
3247 3255 
3247 13362 13482 
3247 17380 
3247 27427 
3247 30831 
3255 13362 14304 
3255 25975 
3255 26449 
3255 30837 
3623 3625 22087 
4079 4087 4089 
4087 4088 4089 
4087 4088 10881 
4087 4088 10904 
4087 4089 10881 
4087 4089 10904 
4087 10769 
4087 10840 10844 10858 10861 10883 
4087 10770 10881 
4087 10859 10861 10881 
4087 10881 10904 
4287 4449 
8895 28513 
8895 30971 
9447 17326 
10751 10752 10753 
10751 10752 10943 
10751 10753 10943 
10751 10929 
10943 10944 
11583 13471 
11887 11889 
11887 11898 14817 
11887 11899 
11887 11900 
11887 14816 
11887 14817 14819 
11887 14820 
11919 11920 
12471 14817 14819 14820 
12655 14481 
13439 13486 
13439 14264 18647 
13471 13486 
13983 13984 13985 
13983 13985 14094 
13983 14093 
14223 14304 
14223 18647 
14255 14304 
14255 25921 
14255 25975 
14255 26017 
14279 29410 
14511 26935 
14807 14817 14820 
14807 14819 14820 
14807 14820 15899 
14807 14820 30266 
16399 32690 32694 32722 32723 32731 
16399 32692 32694 32722 32723 32731 
16399 32694 32698 32722 32723 32731 
16399 32690 32692 32722 32723 32731 
16399 32690 32693 32698 32722 32723 32731 
17263 17334 18647 
17263 18625 
17319 17350 
17319 17380 
17319 17429 
17319 25921 
17319 25975 
17319 26020 
20247 20251 20252 23927 25722 
22087 22092 22985 
22991 23009 
22991 23333 
22991 28512 
23007 30971 
23367 29784 
24135 32693 
25975 30233 
25975 30837 
26039 28349 
26431 26465 
26919 26924 26936 
26919 26925 26935 26936 28311 
26919 26935 26936 26938 
26919 26935 26936 27205 
26919 26935 26936 30925 
26919 26938 30925 
26935 26936 26938 30925 
26935 26936 30899 30925 
26935 26936 30901 
26935 26937 
26935 30413 
31295 32114 
32263 32527 
32487 32495 32523 32525 32526 32527 32528 32703 32704 32705 32721 32722 32723 32728 32729 32731 
32487 32495 32525 32527 32627 32704 32722 32728 
32487 32519 32527 
32495 32581 32703 32722 32729 32731 
32495 32624 32703 32722 32729 32731 
32519 32520 32526 32527 32528 32722 32723 32731 
32519 32523 32526 32527 32528 32584 32722 32723 32728 32729 32731 
32519 32523 32526 32527 32528 32721 32722 32723 32731 
32519 32525 32527 32704 32722 32728 
32623 32627 32722 
345 9263 
3193 3255 14304 
3193 3273 
3193 17319 
3625 12670 22087 
3625 14485 22087 
3625 22087 22092 26936 
3625 22087 22977 22985 26936 
3625 23007 
4089 10881 10904 
4561 26919 26935 26936 
7553 9088 
7553 12543 
9497 9502 
9537 13362 14304 
10769 10770 10881 10904 
11889 11899 
11921 11922 30266 
11921 14819 14820 
13385 13430 
13385 13439 18647 
13385 13486 
14481 14485 
14481 14492 
14481 20385 
14481 20392 26936 
14481 20409 
14689 14690 14691 14692 14695 14696 14697 14710 14711 14712 14717 14718 14723 
14689 14690 14691 14692 14696 14698 14710 14711 14712 14717 14718 14723 
14689 14690 14692 14695 14696 14698 14710 14712 14718 
14689 14691 14692 14695 14696 14697 14698 14710 14711 14712 14717 14723 
14689 14691 14692 14695 14696 14697 14698 14711 14712 14717 14718 14723 
14817 14819 25453 
14817 14829 
14817 15906 
14817 27873 
18937 31509 
20249 20250 20251 20252 25122 25123 25722 
20249 20250 20251 20252 25123 25124 25126 25722 
20249 20250 20251 20252 25123 25124 25127 25722 
20249 20250 20251 20252 25123 25126 25127 25722 
20249 20251 20252 23925 25123 25722 
20249 20251 20252 23927 25123 25722 
20249 20251 20252 25123 25124 25126 25127 25722 
20249 20251 20252 23926 25123 25126 25722 
20385 22985 
20409 30923 
22977 22985 23005 26935 26936 30925 
22977 22985 26932 26936 
22977 22991 
22977 22998 
22985 23005 26924 
25921 25964 
25921 25975 
25921 27998 
25921 28806 
25921 28808 
26017 26020 
27337 27830 
27337 31295 
27873 27875 
28513 30971 
