4285 26936 
4285 30899 
11909 11920 
11909 14817 
11909 14819 
11909 14820 
16389 16398 32722 32723 32731 
32493 32495 32722 
32525 32527 32704 32722 32728 
32693 32698 32700 32722 
32693 32698 32700 32731 
32693 32700 32701 
4272 26935 
4272 26936 
4432 26935 26936 
7064 9435 
7064 13439 
10840 10844 
10840 10858 10861 
14264 26408 
14304 30837 
14688 14689 14690 14691 14692 14696 14710 14711 14712 14717 14718 14723 
14688 14689 14690 14695 14696 14710 
14688 14689 14691 14692 14695 14696 14711 14712 14717 14723 
14688 14689 14692 14695 14696 14710 14712 
14688 14689 14692 14695 14696 14712 14718 
14688 14689 14692 14695 14698 14712 
14688 14689 14692 14695 14710 14711 14712 14717 14723 
14688 14689 14692 14696 14698 14712 
14688 14689 14692 14698 14710 14712 
14688 14689 14692 14698 14711 14712 14717 14723 
14696 14698 14710 14711 14712 14717 14718 14723 
20248 20249 20251 20252 24081 24083 25123 25722 
20248 20249 20251 20252 24083 25123 25124 25722 
29784 29796 
32496 32729 
32520 32523 32527 
32520 32523 32528 32731 
32520 32526 32527 32528 32722 32723 32731 
32520 32528 32627 32731 
4084 4085 4087 4089 10858 10861 
4084 4085 4089 10844 
4084 4085 10840 
4084 4087 4089 10844 10883 
4084 4089 10840 
4084 4089 10842 10844 
4284 26935 
14820 30266 
16388 16394 32524 32527 32529 32692 32729 
16388 16394 32524 32527 32692 32700 32702 32722 32728 
16388 16396 32527 32692 32702 32722 32728 
16388 16397 32527 
16388 16397 32729 
16388 16398 32523 32526 32527 32528 32690 32721 32722 32723 32731 
16388 16398 32524 32527 32722 
16388 16398 32526 32527 32528 32529 32628 32698 32722 32723 32731 
16388 16398 32526 32527 32528 32692 32702 32722 32723 32728 32729 32731 
16388 16398 32526 32527 32528 32622 32694 32722 32723 32731 
16388 16399 32527 
16388 32519 32524 32527 
16388 32519 32527 32529 
16388 32519 32527 32692 
16388 32523 32526 32527 32528 32529 32690 32693 32698 32722 32723 32731 
16388 32523 32526 32527 32528 32690 32692 32702 32722 32723 32728 32729 32731 
16388 32523 32526 32527 32528 32690 32694 32722 32723 32731 
16388 32524 32526 32527 32528 32529 32698 32722 32723 32731 
16388 32524 32527 32529 32694 
16388 32525 32527 32692 32702 32722 32728 
16388 32526 32527 32528 32529 32692 32698 32702 32722 32723 32728 32729 32731 
16388 32526 32527 32528 32529 32694 32698 32722 32723 32731 
16388 32526 32527 32528 32692 32694 32702 32722 32723 32728 32729 32731 
16388 32526 32527 32528 32585 32692 32702 32722 32723 32728 32729 32731 
16388 32527 32529 32585 32692 32729 
16388 32527 32529 32692 32694 32729 
16388 32527 32585 32692 32694 32729 
16396 16398 32722 
16396 32698 32722 
16396 32528 32722 
16396 32700 32722 
16396 32722 32723 32731 
22092 26935 
22092 26936 
26020 30560 
26924 26936 
27324 27337 
27324 32114 
32524 32528 32529 32693 32698 32700 
32524 32528 32529 32693 32698 32722 
32524 32528 32529 32694 32698 32731 
32524 32528 32529 32698 32700 32722 
32524 32528 32529 32698 32700 32731 
32524 32529 32701 
32692 32694 32698 32722 32723 32731 
32700 32704 
3167 9435 
3247 3255 
3255 14304 
4087 10842 10844 10883 
4087 10844 10858 10861 10883 
4087 10881 
10751 10752 
10751 10943 
13439 13482 
13439 14264 
13983 13985 
13983 14094 
14695 14696 14697 14698 14710 14711 14712 14717 14723 
14695 14696 14697 14698 14711 14712 14717 14718 14723 
14695 14696 14697 14710 14711 14712 14717 14718 14723 
14695 14696 14698 14710 14712 14718 
14807 14820 
16399 32694 
16399 32722 32723 32731 
17263 18647 
26919 26935 26936 
32487 32527 
32495 32722 32731 
32519 32526 32527 32528 32722 32723 32731 
32519 32527 32722 32728 
32519 32527 32729 
32703 32722 32729 32731 
9435 9502 
9435 13362 
9435 13439 
10747 10752 
10859 10881 
14691 14696 14697 14717 14718 14723 
14819 14820 
14819 30266 
24307 24317 32731 
24307 32528 32731 
32523 32524 32528 32529 32693 32698 32731 
32523 32525 32526 32527 32528 32705 32722 32723 32728 32729 32731 
32523 32525 32528 32689 32705 32731 
32523 32525 32528 32704 32705 32731 
32523 32526 32527 32528 32721 32722 32723 32728 32729 32731 
32523 32528 32529 32693 32694 32731 
32523 32528 32627 32731 
32523 32693 32700 
32627 32722 
16398 32520 32528 32622 32694 32731 
16398 32523 32528 32529 32628 32693 32731 
16398 32523 32528 32622 32694 32731 
16398 32524 32528 32529 32628 32698 32731 
16398 32528 32529 32622 32628 32694 32731 
16398 32627 
16398 32523 32527 32693 
16398 32690 32693 32698 32722 32723 32731 
16398 32693 32694 32731 
16398 32693 32700 
16398 32524 32700 
16398 32698 32700 32731 
16398 32700 32701 
16398 32690 32692 32722 32723 32731 
16398 32690 32694 32722 32723 32731 
16398 32694 32698 32722 32723 32731 
16398 32692 32694 32722 32723 32731 
32526 32527 32528 32584 32722 32723 32728 32729 32731 
32694 32701 
32694 32698 32700 32731 
10769 10770 10881 
10881 10883 
11921 11922 
14689 14690 14692 14695 14696 14710 14712 14718 
14689 14691 14692 14695 14696 14697 14711 14712 14717 14723 
14689 14691 14692 14695 14696 14710 14711 14712 14717 14723 
14689 14691 14692 14695 14696 14711 14712 14717 14718 14723 
14689 14691 14692 14696 14698 14711 14712 14717 14723 
14689 14692 14695 14696 14698 14712 
14689 14692 14695 14698 14710 14712 
14689 14692 14695 14698 14711 14712 14717 14723 
14689 14692 14696 14698 14710 14712 
14689 14692 14696 14698 14712 14718 
14689 14692 14698 14710 14711 14712 14717 14723 
14817 14819 
14817 14820 
20249 20250 20251 20252 25123 25722 
20249 20251 20252 25123 25126 25722 
20249 20251 20252 25123 25127 25722 
22977 22985 26936 
27337 32114 
32689 32693 32704 
10530 10531 10535 
10770 10881 10904 
10842 10844 10858 10861 10883 
10842 10881 
11922 30266 
13362 13434 13482 
13362 13439 
13362 13452 
13362 13486 
13362 14260 
13362 14264 
13362 14304 
14690 14695 14696 14710 14711 14712 14717 14718 14723 
14690 14696 14697 14717 14718 14723 
14690 14696 14698 14710 14712 14718 
16394 16398 32700 32722 
16394 32698 32700 32722 32723 32731 
16394 32701 
25954 30837 
32690 32692 32693 32698 32722 32723 32731 
32690 32692 32694 32722 32723 32731 
32690 32693 32694 32698 32722 32723 32731 
32690 32693 32722 32729 32731 
32690 32694 32722 32729 32731 
32698 32700 32701 32731 
