10530 10531 10535 
10770 10881 
13362 13482 
14690 14691 14692 14710 14717 14718 14723 
14690 14696 14710 14712 14718 
14690 14696 14717 14718 14723 
14690 14710 14711 14712 14717 14718 14723 
14698 14710 14712 
14698 14711 14712 14717 14723 
32690 32722 32731 
32698 32722 
32722 32729 32731 
4087 4089 
14695 14696 14710 14712 
14695 14696 14711 14712 14717 14723 
14695 14696 14712 14718 
14695 14697 14711 14717 
14695 14697 14712 14717 14723 
14695 14698 14712 
14695 14710 14711 14712 14717 14723 
32527 32722 32728 
32527 32729 
4084 4089 
10844 10883 
14692 14695 14712 14717 14723 
16388 32526 
16388 32527 32692 
32524 32529 
32693 32700 
32693 32722 
32693 32731 
14689 14690 14691 14692 14711 14712 14717 14718 14723 
14689 14690 14692 14710 14712 14718 
14689 14690 14695 14696 14710 
14689 14691 14692 14710 14711 14712 14717 14723 
14689 14691 14692 14696 14711 14712 14717 14723 
14689 14692 14698 14712 
14689 14692 14696 14710 14712 
14689 14692 14696 14712 14718 
20249 20251 20252 25123 25124 25722 
16398 32722 
16398 32731 
32526 32527 32528 32722 32723 32731 
32694 32722 32731 
14688 14689 14690 14696 14710 
14688 14689 14691 14692 14711 14712 14717 14723 
14688 14689 14692 14695 14712 
14688 14689 14692 14696 14712 
14688 14689 14692 14710 14712 
14688 14689 14695 14696 14710 
14688 14690 14695 14696 14710 
14696 14697 14717 14723 
14696 14698 14712 
14696 14710 14711 14712 14717 14718 14723 
20248 20249 20251 20252 24083 25123 25722 
32528 32529 
32728 32729 
14691 14696 14717 14718 14723 
32523 32527 
32523 32528 32731 
