693 25967 
2861 23005 
4285 26935 26936 
4285 30899 
4405 4432 26924 
6621 6623 
11909 11920 11922 14820 27875 
11909 11920 14817 
11909 11920 14819 
11909 14817 14819 
11909 14817 14820 
11909 14819 14820 30266 
13981 13983 
14485 23009 
16389 16398 32690 32722 32723 32731 
16389 16398 32698 32722 32723 32731 
16389 16398 32694 32722 32723 32731 
22893 26936 
25917 28344 
26837 26877 
26837 28384 
32493 32495 32690 32693 32722 32731 
32525 32627 32704 
32581 32584 32704 
32581 32689 
32581 32703 32722 32729 32731 
32693 32694 32698 32700 32731 
32693 32698 32700 32701 32731 
4088 4089 
4088 10881 
4088 10904 
4272 26932 
4272 26935 26936 
5072 5156 
7064 7156 
7064 9435 
7064 13434 
7064 13439 
8880 26936 
10752 10753 
10840 10842 10844 
10840 10844 10858 10861 10883 
11920 11921 
12464 14820 
14264 18647 
14264 26408 
14304 25975 
14304 30233 
14304 30837 
14688 14689 14690 14691 14692 14696 14710 14711 14712 14717 14718 14723 
14688 14689 14690 14692 14695 14696 14710 14712 14718 
14688 14689 14691 14692 14695 14696 14697 14711 14712 14717 14723 
14688 14689 14691 14692 14695 14696 14710 14711 14712 14717 14723 
14688 14689 14691 14692 14695 14696 14711 14712 14717 14718 14723 
14688 14689 14691 14692 14696 14698 14711 14712 14717 14723 
14688 14689 14692 14695 14696 14698 14712 
14688 14689 14692 14695 14698 14710 14712 
14688 14689 14692 14695 14698 14711 14712 14717 14723 
14688 14689 14692 14696 14698 14710 14712 
14688 14689 14692 14696 14698 14712 14718 
14688 14689 14692 14698 14710 14711 14712 14717 14723 
14816 14817 
20248 20249 20251 20252 24081 24083 25123 25124 25722 
20248 20249 20251 20252 24083 25123 25127 25722 
24128 32528 
29784 29796 
32496 32694 32729 
32496 32690 32703 32722 32729 32731 
32520 32523 32526 32527 32528 32721 32722 32723 32731 
32520 32523 32528 32627 32731 
32520 32526 32527 32528 32722 32723 32728 32729 32731 
32584 32693 
32584 32700 
32624 32703 32722 32729 32731 
32624 32705 
2844 2851 
2868 22985 
3180 13362 
4084 4085 4087 4089 10844 10858 10861 10883 
4084 4085 4089 10840 
4084 4085 4089 10842 10844 
4084 4087 4089 10842 10844 10883 
4284 4285 
4284 4432 26935 26936 
4284 30899 
4436 26924 
5060 5072 
11900 30266 
12468 12471 
14260 14264 
16388 16389 16398 32526 32527 32528 32722 32723 32731 
16388 16394 16398 32524 32527 32692 32700 32702 32722 32728 
16388 16394 32519 32524 32527 32692 
16388 16394 32524 32526 32527 32528 32529 32692 32698 32700 32702 32722 32723 32728 32729 32731 
16388 16394 32524 32527 32529 32585 32692 32701 32729 
16388 16394 32524 32527 32529 32692 32694 32729 
16388 16396 16398 32527 32692 32702 32722 32728 
16388 16396 32525 32527 32692 32702 32722 32728 
16388 16396 32526 32527 32528 32582 32585 32692 32702 32722 32723 32728 32729 32731 
16388 16397 16398 32526 32527 32528 32722 32723 32731 
16388 16397 32527 32529 
16388 16397 32527 32585 32692 32729 
16388 16397 32496 32729 
16388 16397 32694 32729 
16388 16397 32722 32729 32731 
16388 16398 24641 32526 32527 32528 32692 32702 32722 32723 32728 32729 32731 
16388 16398 32519 32527 32722 
16388 16398 32520 32526 32527 32528 32622 32694 32722 32723 32731 
16388 16398 32523 32526 32527 32528 32529 32628 32690 32693 32698 32721 32722 32723 32731 
16388 16398 32523 32526 32527 32528 32622 32690 32694 32721 32722 32723 32731 
16388 16398 32523 32526 32527 32528 32690 32692 32702 32721 32722 32723 32728 32729 32731 
16388 16398 32524 32526 32527 32528 32529 32628 32698 32722 32723 32731 
16388 16398 32525 32527 32692 32702 32722 32728 
16388 16398 32526 32527 32528 32529 32622 32628 32694 32698 32722 32723 32731 
16388 16398 32526 32527 32528 32529 32628 32692 32698 32702 32722 32723 32728 32729 32731 
16388 16398 32526 32527 32528 32622 32692 32694 32702 32722 32723 32728 32729 32731 
16388 16398 32526 32527 32528 32585 32692 32702 32722 32723 32728 32729 32731 
16388 16398 32527 32627 32722 
16388 16399 32524 32527 32529 
16388 16399 32526 32527 32528 32722 32723 32731 
16388 16399 32527 32585 32692 32729 
16388 16399 32527 32694 
16388 24307 
16388 32487 32527 32692 
16388 32519 32524 32527 32529 
16388 32519 32526 32527 32528 32529 32698 32722 32723 32731 
16388 32519 32527 32529 32585 32692 32729 
16388 32519 32527 32529 32694 
16388 32519 32527 32692 32702 32722 32728 
16388 32523 32524 32526 32527 32528 32529 32690 32693 32698 32722 32723 32731 
16388 32523 32525 32526 32527 32528 32689 32690 32692 32702 32705 32722 32723 32728 32729 32731 
16388 32523 32526 32527 32528 32529 32690 32692 32693 32698 32702 32722 32723 32728 32729 32731 
16388 32523 32526 32527 32528 32529 32690 32693 32694 32698 32722 32723 32731 
16388 32523 32526 32527 32528 32690 32692 32694 32702 32722 32723 32728 32729 32731 
16388 32523 32526 32527 32528 32585 32690 32692 32702 32722 32723 32728 32729 32731 
16388 32524 32526 32527 32528 32529 32694 32698 32722 32723 32731 
16388 32524 32527 32699 
16388 32525 32527 32692 32702 32704 32722 32728 
16388 32526 32527 32528 32529 32584 32585 32692 32698 32702 32722 32723 32728 32729 32731 
16388 32526 32527 32528 32529 32692 32694 32698 32702 32722 32723 32728 32729 32731 
16388 32526 32527 32528 32585 32692 32694 32702 32722 32723 32728 32729 32731 
16388 32527 32529 32585 32692 32694 32729 
16388 32496 32527 32692 32729 
16396 16398 32722 32723 32731 
16396 32493 
16396 32690 32692 32722 32723 32731 
16396 32698 32700 32722 
16396 32528 32529 32698 32722 
16396 32693 32698 32722 
16396 32698 32722 32723 32731 
16396 32524 32700 32722 
16396 32692 32694 32722 32723 32731 
22092 22985 
22092 26935 26936 
22892 22893 
26020 30560 
26924 26935 26936 
26924 28320 
26932 26935 
26932 26936 
27308 27337 
27324 27337 32114 
32524 32525 32700 32704 
32524 32528 32529 32693 32698 32700 32722 
32524 32528 32529 32694 32698 32700 32731 
32524 32528 32529 32698 32700 32701 32731 
32524 32529 32694 32701 
32524 32697 
32628 32704 32705 
1539 26936 
2851 2860 
4547 14485 
9435 9502 13439 
9435 9518 
9435 13471 
9435 13482 
9435 13486 
10747 10752 
10859 10861 10881 
10859 10881 10904 
11883 11887 
11883 11899 
11883 11920 
11899 30266 
18643 18647 
20251 20252 23927 25722 
24307 24316 24317 32528 32731 
24307 24317 32722 32731 
24307 32523 32526 32527 32528 32721 32722 32723 32731 
24635 32628 
27875 30266 
30899 30925 
32523 32524 32528 32529 32693 32694 32698 32731 
32523 32524 32528 32529 32693 32698 32700 32731 
32523 32525 32526 32527 32528 32581 32705 32722 32723 32728 32729 32731 
32523 32525 32526 32527 32528 32703 32705 32721 32722 32723 32728 32729 32731 
32523 32525 32526 32527 32528 32704 32705 32722 32723 32728 32729 32731 
32523 32525 32528 32529 32689 32693 32704 32705 32731 
32523 32525 32528 32689 32694 32705 32731 
32523 32526 32527 32528 32584 32722 32723 32728 32729 32731 
32523 32526 32527 32528 32625 32627 32721 32722 32723 32731 
32523 32527 32693 32700 
32523 32693 32700 32701 
2826 2851 
2858 2861 
4082 4084 
4082 4087 
4170 26935 
4434 26919 26935 26936 
10530 10531 10534 
10530 10531 10535 10538 
10770 10881 10904 
10842 10843 10881 
10842 10844 10881 10904 
10858 10881 
13362 13374 
13362 13384 13482 
13362 13385 
13362 13430 
13362 13434 13482 
13362 13439 13482 
13362 13439 14264 
13362 13452 
13362 13469 
13362 13482 14264 
13362 13482 14304 
13362 13482 30837 
13362 13486 
13362 14217 
13362 14260 
13362 14288 
13434 13439 
13434 14260 
13482 26439 
14690 14691 14696 14697 14717 14718 14723 
14690 14695 14696 14697 14710 14711 14712 14717 14718 14723 
14690 14695 14696 14698 14710 14712 14718 
14690 14696 14698 14710 14711 14712 14717 14718 14723 
16394 16396 32700 32722 
16394 16398 32698 32700 32722 32723 32731 
16394 16399 32701 
16394 32690 32692 32693 32698 32700 32722 32723 32731 
16394 32698 32700 32701 32722 32723 32731 
16394 32692 32694 32698 32700 32722 32723 32731 
16394 32692 32694 32701 
18842 26837 
18842 26877 
22882 22892 26935 26936 
25122 25123 
25954 30837 
26938 30925 
32690 32692 32693 32694 32698 32722 32723 32731 
32690 32693 32694 32722 32729 32731 
2886 4432 4434 26935 26936 
4254 4284 
12670 23007 
13430 17319 
13486 25964 
16398 16399 32722 32723 32731 
16398 32493 32495 32722 
16398 32520 32523 32528 32622 32694 32731 
16398 32520 32528 32529 32622 32628 32694 32731 
16398 32523 32524 32528 32529 32628 32693 32698 32731 
16398 32523 32525 32528 32689 32705 32731 
16398 32523 32528 32529 32622 32627 32628 32693 32694 32731 
16398 32524 32528 32529 32622 32628 32694 32698 32731 
16398 32524 32528 32529 32628 32698 32700 32731 
16398 32520 32523 32693 
16398 32523 32693 32700 
16398 32690 32692 32693 32698 32722 32723 32731 
16398 32690 32693 32694 32698 32722 32723 32731 
16398 32693 32698 32700 32731 
16398 32693 32700 32701 
16398 32698 32700 32701 32731 
16398 32694 32698 32700 32731 
16398 32525 32704 
16398 32690 32692 32694 32722 32723 32731 
16398 24642 32698 32722 32723 32731 
16398 32692 32694 32698 32722 32723 32731 
17334 18647 
17350 26039 
32526 32527 32528 32626 32722 32723 32728 32729 32731 
32694 32698 32700 32701 32731 
3167 3180 9435 
3167 9435 13362 
3167 9502 
3167 9526 
3183 3216 
3183 3255 
3183 14304 
3247 3255 
3255 14304 
4087 4088 
4087 10842 10844 10858 10861 10883 
4087 10840 10858 10861 
4087 10881 10904 
10751 10752 
10751 10753 
10751 10943 
10943 10944 
11887 14817 
11887 14819 
12471 14817 14820 
13439 13482 14264 
13439 18647 
13983 13984 
13983 13985 
13983 14094 
14223 17263 
14255 14304 
14695 14696 14697 14698 14710 14711 14712 14717 14718 14723 
14807 14820 
16399 32692 32694 
16399 32694 32722 32723 32731 
16399 32690 32722 32723 32731 
16399 32698 32722 32723 32731 
17263 18647 
17319 17429 
17319 25921 
22087 22092 
22087 22985 
22991 23009 
26919 26925 26935 26936 
26919 26938 
26935 26936 26938 
26935 26936 30899 
26935 26936 30925 
26935 30901 
31295 32114 
32487 32495 32525 32527 32704 32722 32728 
32487 32523 
32487 32527 32729 
32495 32722 32723 32731 
32495 32703 32722 32729 32731 
32519 32523 32526 32527 32528 32722 32723 32731 
32519 32526 32527 32528 32584 32722 32723 32728 32729 32731 
32527 32627 32722 32728 
3625 14485 
3625 22087 
4089 10904 
9497 9502 
9537 14304 
10753 10943 
10769 10770 10881 
10881 10883 
11921 11922 30266 
13385 13439 
13385 13486 
13385 17263 
13385 18647 
14217 17319 
14481 14485 
14481 20392 
14689 14690 14691 14692 14695 14696 14710 14711 14712 14717 14718 14723 
14689 14690 14692 14696 14698 14710 14712 14718 
14689 14691 14692 14695 14696 14697 14698 14711 14712 14717 14723 
14689 14691 14692 14695 14696 14697 14710 14711 14712 14717 14723 
14689 14691 14692 14695 14696 14697 14711 14712 14717 14718 14723 
14689 14691 14692 14696 14698 14710 14711 14712 14717 14723 
14689 14691 14692 14696 14698 14711 14712 14717 14718 14723 
14689 14692 14695 14696 14698 14710 14712 
14689 14692 14695 14696 14698 14712 14718 
14689 14692 14695 14698 14710 14711 14712 14717 14723 
14817 14819 14820 
14817 14819 30266 
14817 25453 
20249 20250 20251 20252 25123 25124 25722 
20249 20250 20251 20252 25123 25126 25722 
20249 20250 20251 20252 25123 25127 25722 
20249 20251 20252 25123 25124 25126 25722 
20249 20251 20252 25123 25124 25127 25722 
20249 20251 20252 25123 25126 25127 25722 
22977 22985 26935 26936 
22977 22991 
22985 23005 
26017 26020 
32689 32693 32700 32704 
