2028 2030 2031 3551 3552 3553 
2028 2030 2031 49595 
2028 2030 2472 
2028 2030 49594 
2028 2030 49596 
2028 2031 3552 49595 
2028 3551 49595 
2028 49594 49595 
8012 18248 
8012 18926 33881 33885 
8012 22175 22187 33881 33885 
8012 22175 33879 33881 33886 
8012 22175 33872 33881 33885 
8012 22175 33872 33881 33886 
8012 22175 33881 33885 33886 
8012 22187 33879 
8012 22187 33872 33881 
8012 22187 33881 33887 
8012 33873 33879 33881 33885 
8012 18918 33872 33881 33885 
8012 22180 33872 33881 
22180 22187 22190 33872 33884 
22180 22187 22191 33872 33881 33885 
22180 22190 33872 33881 33884 
22180 22190 33872 33887 
22180 22191 33872 33885 33887 
22180 33872 33881 33883 
22180 33872 47838 
25436 25440 
27484 35806 35812 49686 49689 49694 
27484 49553 49686 49689 
27484 49662 
27484 49667 
27484 49686 49689 49698 
27484 49686 49700 
30828 102299 
34076 34077 
35812 49553 49689 49694 
35812 49689 49694 49698 
102316 102322 
102316 106101 
102316 106207 
102316 134006 
106060 118958 
106076 106101 
131132 131252 
131132 132331 
131252 132516 
132340 132454 
2472 3551 
3552 3553 49595 
16985 22180 22187 33872 
16985 22180 33872 33881 
16985 22187 33872 33881 
16985 33872 33884 
18241 18248 18928 22175 22178 33872 33885 33886 
18241 18248 18928 22178 33872 33884 33885 33886 
18241 18248 18928 22187 33885 
18241 18248 18928 33872 33881 33885 
18241 18248 18928 33881 33885 33886 
18241 18248 22175 22178 22187 33872 33886 
18241 18248 22175 22178 33872 33881 33884 33886 
18241 18248 22175 22187 33881 33886 
18241 18248 22178 22187 33872 33881 33886 
18241 18248 22178 22187 33872 33884 33886 
18241 18248 22187 33872 33881 33884 
18241 18919 33873 33884 33885 
18241 18926 18928 33881 33885 
18241 18928 22178 22179 33872 33885 
18241 18928 22178 33872 33881 33885 33886 
18241 18928 22179 33872 33881 33885 
18241 18928 33873 33884 33885 
18241 18928 33872 33881 33884 33885 
18241 18928 22175 33881 33885 
18241 18928 22187 33881 33885 
18241 22167 22168 22179 33872 33885 
18241 22167 22168 33872 33881 33885 
18241 22167 22168 33872 33885 33886 
18241 22167 22168 33881 33885 33886 
18241 22168 22179 33872 33881 33885 
18241 22168 22179 33872 33885 33886 
18241 22168 33872 33881 33885 33886 
18241 22175 22178 22187 33872 33881 
18241 22187 33872 33881 33884 33886 
18241 22179 33872 33881 33884 33885 
18241 22179 33872 33884 33885 33886 
18241 22175 33872 33884 33885 33886 
18241 22175 22187 33872 33884 33886 
18321 36507 
22177 33881 33886 
23713 30806 
23713 34076 
26081 30818 30833 
26081 34077 102322 
26081 109173 
26081 132303 
30833 34077 106091 
30833 103495 
33873 33879 33887 
33873 47848 
33881 47842 
33881 47848 
49553 49658 49689 
49553 49689 49698 
49689 49698 49700 
96937 106081 
101745 109173 
106081 132303 
114793 131252 
133929 134006 
303 25436 
303 25440 
2031 3553 49595 
2031 49481 
2031 49482 
2031 49595 49596 
3551 3552 49595 
3551 49594 
12735 65551 
16991 18240 18248 33872 
16991 18248 22187 
16991 18248 33872 33881 33884 
16991 22175 33872 33881 
16991 22180 22187 33872 33881 
16991 22187 33872 33881 33884 
16991 22180 33872 33881 33884 
16991 33872 33881 33883 
16991 33872 33881 33885 
16991 33872 33881 33886 
18919 18925 33872 33873 
18919 18926 22187 33872 33873 33887 
18919 18926 33872 33873 33886 
18919 18928 33873 33884 33885 
18919 22181 33872 33873 33887 
18919 22178 33872 33873 33881 33885 33886 
18919 33872 33873 33886 33887 
22167 22168 22179 33872 33881 33885 33886 
22167 22175 22179 22180 33872 33885 
22167 22175 22179 22187 33872 33885 
22167 22175 22179 33872 33881 33885 
22167 22175 22179 33872 33885 33886 
22167 22175 22180 22187 22192 33872 33881 33886 33887 
22167 22175 22180 22187 33872 33881 33884 33887 
22167 22175 22180 22187 33872 33881 33885 33887 
22167 22175 22180 22187 33872 33885 33886 
22167 22175 22180 33872 33881 33885 33886 
22167 22175 22187 33872 33881 33884 33886 
22167 22175 22187 33872 33881 33885 33886 
22167 22177 22180 33872 
22167 22179 22180 33872 33881 33885 
22167 22179 22180 33872 33885 33886 
22167 22180 22187 33872 33881 33885 33886 
22167 22180 22190 33872 33884 
22167 22180 33872 33881 33884 33886 33887 
22167 22180 33872 33881 33885 33886 33887 
22167 33872 33879 33881 
22167 33872 33883 
22175 22177 33881 
22175 22178 33872 33873 33881 33885 
22175 22178 33872 33881 33885 33886 
22175 22179 22187 33872 33881 33885 
22175 22179 22187 33872 33885 33886 
22175 22180 22187 33872 33881 33884 33886 33887 
22175 22180 22187 33872 33881 33885 33886 33887 
22175 33872 33879 33881 
22175 33872 33881 33884 33885 33886 
22175 33873 33879 33881 
22175 33879 33881 33885 
22175 22191 33881 33885 
22175 33872 33879 33886 
22175 33879 33885 33886 
22175 47842 
22191 33872 33881 33885 33886 
27687 27688 53437 53438 53445 53446 53447 53448 86289 
27687 27688 53437 53438 53445 53446 53447 53448 86290 
27687 27688 53437 53438 53445 53446 53448 86289 86290 
27687 27688 53437 53438 53445 53446 53448 86292 
27687 27688 53437 53438 53445 53446 53448 86294 
27687 27688 53437 53438 53445 53448 86292 86294 
27687 27688 53437 53438 53446 53447 53448 86294 
27687 27688 53437 53439 53445 53446 53447 53448 86289 
27687 27688 53437 53439 53445 53446 53447 53448 86290 
27687 27688 53437 53439 53445 53446 53447 53448 86292 
27687 27688 53437 53439 53445 53446 53447 53448 86294 
27687 27688 53437 53439 53445 53448 86289 86290 
27687 27688 53437 53439 53445 53448 86292 86294 
27687 27688 53437 53445 53446 53447 53448 86289 86290 
27687 27688 53437 53445 53446 53447 53448 86289 86291 
27687 27688 53437 53445 53446 53447 53448 86289 86294 
27687 27688 53437 53445 53446 53447 53448 86292 86294 
27687 27688 53437 53445 53446 53448 86289 86292 
27687 27688 53437 53445 53446 53448 86290 86292 
27687 27688 53437 53445 53446 53448 86290 86294 
27687 27688 53437 53445 53448 86289 86290 86292 
27687 27688 53437 53445 53448 86289 86290 86294 
27687 27688 53437 53445 53448 86289 86292 86294 
27687 27688 53437 53445 53448 86290 86292 86294 
27687 27688 53438 53439 53445 53446 53447 53448 86289 
27687 27688 53438 53439 53445 53446 53447 53448 86290 
27687 27688 53438 53439 53445 53446 53447 53448 86292 86294 
27687 27688 53438 53439 53445 53448 86289 86290 
27687 27688 53438 53439 53445 53448 86290 86292 
27687 27688 53438 53445 53446 53447 53448 86289 86290 86291 
27687 27688 53438 53445 53446 53447 53448 86289 86290 86294 
27687 27688 53438 53445 53446 53447 53448 86290 86291 86294 
27687 27688 53438 53445 53446 53447 53448 86290 86292 
27687 27688 53438 53445 53446 53448 86289 86292 
27687 27688 53438 53445 53446 53448 86290 86292 86294 
27687 27688 53438 53445 53448 86289 86290 86292 
27687 27688 53438 53445 53448 86289 86292 86294 
27687 27688 53439 53445 53446 53447 53448 86289 86290 
27687 27688 53439 53445 53446 53447 53448 86289 86291 
27687 27688 53439 53445 53446 53447 53448 86289 86292 
27687 27688 53439 53445 53446 53447 53448 86289 86294 
27687 27688 53439 53445 53446 53447 53448 86290 86291 
27687 27688 53439 53445 53446 53447 53448 86290 86292 86294 
27687 27688 53439 53445 53446 53447 53448 86291 86294 
27687 27688 53439 53445 53448 86289 86290 86292 
27687 27688 53439 53445 53448 86289 86292 86294 
27687 27688 53445 53446 53447 53448 86289 86290 86291 86294 
27687 27688 53445 53446 53447 53448 86289 86290 86292 
27687 27688 53445 53446 53447 53448 86289 86292 86294 
27687 27688 53445 53446 53447 53448 86291 86292 86294 
27687 27688 53445 53446 53448 86289 86290 86292 86294 
27687 53437 53438 53445 53446 53448 86291 
27687 53437 53438 53445 53446 53448 86292 86294 
27687 53437 53438 53445 53447 53448 86292 
27687 53437 53438 53445 53448 86289 86292 
27687 53437 53438 53445 53448 86289 86294 
27687 53437 53438 53445 53448 86290 86294 
27687 53437 53439 53445 53446 53447 53448 86289 86290 
27687 53437 53439 53445 53446 53447 53448 86291 
27687 53437 53439 53445 53446 53447 53448 86292 86294 
27687 53437 53439 53445 53447 53448 86289 86291 
27687 53437 53439 53445 53447 53448 86289 86292 
27687 53437 53439 53445 53447 53448 86289 86294 
27687 53437 53439 53445 53448 86289 86292 86294 
27687 53437 53439 53445 53448 86290 86292 
27687 53437 53445 53446 53447 53448 86289 86292 
27687 53437 53445 53446 53447 53448 86290 86291 
27687 53437 53445 53446 53447 53448 86290 86292 
27687 53437 53445 53446 53447 53448 86290 86294 
27687 53437 53445 53446 53447 53448 86291 86294 
27687 53437 53445 53446 53448 86289 86290 86291 
27687 53437 53445 53446 53448 86289 86290 86292 86294 
27687 53437 53445 53446 53448 86289 86291 86294 
27687 53437 53445 53447 53448 86289 86291 86294 
27687 53437 53445 53447 53448 86289 86292 86294 
27687 53437 53445 53448 86291 86292 86294 
27687 53439 53445 53446 53447 53448 86289 86290 86292 
27687 53439 53445 53446 53447 53448 86289 86292 86294 
27687 53439 53445 53446 53447 53448 86291 86292 86294 
27687 53439 53445 53447 53448 86289 86291 86294 
27687 53439 53445 53448 86289 86290 86292 86294 
27687 53438 53445 53446 53448 86289 86290 86292 
27687 53438 53445 53446 53448 86289 86291 86294 
27687 53438 53445 53446 53448 86289 86292 86294 
27687 53445 53446 53447 53448 86289 86290 86292 86294 
27687 53445 53446 53447 53448 86290 86291 86292 86294 
27687 53445 53446 53448 86289 86291 86292 86294 
27687 53445 53447 53448 86289 86291 86292 86294 
27687 53438 53445 53448 86289 86290 86292 86294 
33879 33881 33887 
33879 33885 33887 
36495 36530 
36503 36538 
36503 109173 
53439 53445 53447 53448 86289 86291 86292 86294 
53439 53446 53447 53448 86289 86290 86291 
53439 53446 53447 53448 86289 86290 86292 86294 
53439 53446 53447 53448 86289 86291 86294 
61886 102322 
61886 104510 
96902 97111 
104510 131140 
118958 119013 
118958 119110 
118958 125263 
132454 134006 
10746 12734 12735 
10746 65551 
22178 22180 33872 33884 33887 
22178 33872 33881 33884 33885 33886 
34067 36503 
34067 96937 
34067 102292 
34067 106081 
34067 132303 
36507 36530 
36507 36538 
36507 96990 
36507 106085 
36507 106111 
36507 109214 
40187 40198 
49595 49621 
49667 49686 49689 
49667 49689 49700 
80562 96067 
80562 96073 
80562 105306 
80562 105309 
80562 105388 
102322 104510 
102322 134006 
103474 103495 
105306 105309 
6725 33872 
6725 33879 
8005 8012 18919 33872 33873 
8005 8012 18919 33879 
8005 8012 22168 33873 
8005 8012 22168 33879 
8005 8012 22168 33886 
8005 8012 33872 33873 33879 
8005 18241 18926 22168 33881 33885 
8005 18241 18926 22175 33881 
8005 18241 18926 33872 33873 33881 
8005 18241 18926 33872 33881 33885 
8005 18241 18926 33881 33886 
8005 18241 22167 22168 22175 22180 22187 33872 
8005 18241 22167 22168 22175 22180 33872 33881 
8005 18241 22167 22168 22175 22180 33872 33886 
8005 18241 22167 22168 22175 22187 33872 33881 
8005 18241 22167 22168 22175 22187 33872 33886 
8005 18241 22167 22168 22175 22187 33881 33886 
8005 18241 22167 22168 22175 33872 33881 33886 
8005 18241 22167 22168 22180 33872 33881 33886 
8005 18241 22167 22168 33872 33885 
8005 18241 22167 22168 33881 33885 
8005 18241 22167 22168 33881 33886 33887 
8005 18241 22167 22168 33885 33886 
8005 18241 22168 22175 33881 33885 
8005 18241 22168 22175 33872 33885 33886 
8005 18241 22168 22179 33872 33885 
8005 18241 22168 33872 33881 33885 
8005 18241 22168 33881 33885 33886 
8005 18241 22167 22175 33872 33873 33881 33886 
8005 18241 22167 22180 22187 33872 33881 
8005 18241 22167 22180 22187 33872 33886 
8005 18241 22167 22187 33872 33881 33886 
8005 18241 22187 33881 33885 
8005 18241 22187 33881 33887 
8005 18241 22167 33872 33881 33885 
8005 18241 22180 33872 33881 33885 
8005 18241 22180 33872 33881 33887 
8005 18241 22179 33872 33881 33885 
8005 18241 33872 33881 33885 33886 
8005 18241 22167 33881 33885 33886 
8005 18248 18919 
8005 18248 22168 22187 33886 
8005 18248 22168 33872 33873 33886 
8005 18248 22181 22187 
8005 18248 22187 33872 33873 
8005 18248 22187 33887 
8005 18918 18919 18926 33872 
8005 18919 18925 
8005 18919 18926 22168 33872 33873 
8005 18919 18926 22168 33886 
8005 18919 18926 22175 33881 
8005 18919 18926 22187 
8005 18919 22168 22175 33872 33873 33881 33885 33886 
8005 18919 22168 22187 
8005 18919 22168 33886 33887 
8005 18919 22181 22187 33872 33873 
8005 18919 22187 33872 33873 33887 
8005 18926 22167 22168 22175 33881 33885 
8005 18926 22167 22168 33872 33881 33885 
8005 18926 22167 22168 33881 33885 33886 
8005 18926 22168 22175 33872 33881 33885 
8005 18926 22168 22175 33881 33885 33886 
8005 18926 22168 22179 33872 33881 33885 
8005 18926 22168 22187 
8005 18926 22168 33872 33873 33886 
8005 18926 22168 33872 33881 33885 33886 
8005 18926 22167 22175 33872 33881 
8005 18926 22167 22175 33881 33886 
8005 18926 22175 33872 33873 33881 
8005 18926 22175 33872 33881 33886 
8005 18926 22179 33885 33886 
8005 18926 22187 33872 33873 
8005 18926 22187 33872 33881 33885 
8005 18926 22187 33887 
8005 18926 22167 33872 33873 33881 
8005 18926 33872 33873 33881 33886 
8005 18926 33873 33881 33885 33886 
8005 18926 22167 33872 33881 33886 
8005 18926 33881 33885 33887 
8005 22167 22168 22175 22179 33872 33885 
8005 22167 22168 22175 22180 22187 33872 33881 33886 33887 
8005 22167 22168 22175 22180 33872 33885 
8005 22167 22168 22175 22187 33872 33885 
8005 22167 22168 22175 22187 33881 33885 33886 
8005 22167 22168 22175 33872 33881 33885 
8005 22167 22168 22175 33872 33885 33886 
8005 22167 22168 22179 22180 33872 33885 
8005 22167 22168 22179 33872 33881 33885 
8005 22167 22168 22179 33872 33885 33886 
8005 22167 22168 22180 22192 33872 33881 
8005 22167 22168 22180 33872 33881 33885 
8005 22167 22168 22180 33872 33885 33886 
8005 22167 22168 33872 33881 33885 33886 
8005 22167 22168 33881 33885 33886 33887 
8005 22168 22175 22178 33872 33873 33881 33886 
8005 22168 22175 22179 33872 33881 33885 
8005 22168 22175 22179 33872 33885 33886 
8005 22168 22175 22180 22187 33872 33885 
8005 22168 22175 22187 33872 33881 33885 
8005 22168 22175 22187 33881 33885 33886 33887 
8005 22168 22175 22187 33872 33885 33886 
8005 22168 22175 22180 33872 33881 33885 
8005 22168 22175 33879 33881 
8005 22168 22175 33879 33886 
8005 22168 22178 33872 33885 33886 
8005 22168 22179 33872 33881 33885 33886 
8005 22168 22181 22187 33872 33873 33886 33887 
8005 22168 22187 22192 
8005 22168 22192 33872 33873 
8005 22168 22192 33872 33886 33887 
8005 22168 33872 33873 33879 
8005 22168 33873 33879 33881 
8005 22168 33873 33879 33886 
8005 22168 22180 33872 33881 33885 33886 
8005 22168 33879 33881 33885 
8005 22168 33879 33881 33886 
8005 22168 33872 33879 33886 
8005 22168 33879 33885 33886 
8005 22167 22180 22187 33872 33885 
8005 22180 22187 33872 33881 33885 33887 
8005 22180 22187 33872 33885 33886 
8005 22167 22187 33872 33881 33885 
8005 22187 33872 33881 33885 33886 
8005 33872 33873 33879 33886 
8005 33873 33879 33881 33885 33886 
8005 22167 22180 33872 33881 33885 33886 
8005 22179 22180 33872 33881 33885 
8005 22191 33872 33881 33885 
8005 22191 33881 33885 33886 
18925 18926 
18925 33872 33879 
18925 33873 33879 
18925 33879 33885 
18925 33872 33885 
18925 33881 33885 
20349 22737 22739 33979 33981 33984 
26085 103495 
34077 39104 
34077 48077 
34077 61886 
34077 80461 
34077 103495 
34077 104496 
34077 104510 
34077 106107 
48077 61886 
49645 49689 
53437 53438 53445 53447 53448 86292 86294 
53437 53438 53445 53448 86289 86292 86294 
53437 53438 53446 53448 86289 86292 
53437 53438 53446 53448 86289 86294 
53437 53438 53446 53448 86290 86292 
53437 53438 53446 53448 86290 86294 
53437 53438 53448 86289 86290 86292 
53437 53438 53448 86289 86290 86294 
53437 53438 53448 86289 86291 
53437 53438 53448 86290 86292 86294 
53437 53438 53448 86291 86294 
53437 53439 53445 53447 53448 86289 86292 86294 
53437 53439 53445 53447 53448 86291 86294 
53437 53439 53446 53447 53448 86289 86291 
53437 53439 53446 53447 53448 86289 86292 
53437 53439 53446 53447 53448 86289 86294 
53437 53439 53446 53447 53448 86290 86292 
53437 53439 53447 53448 86289 86291 86294 
53437 53439 53447 53448 86291 86292 86294 
53437 53439 53448 86289 86290 86292 
53437 53439 53448 86290 86292 86294 
53437 53445 53447 53448 86291 86292 86294 
53437 53445 53448 86289 86291 86292 86294 
53437 53446 53447 53448 86289 86290 86291 
53437 53446 53447 53448 86289 86290 86292 
53437 53446 53447 53448 86289 86290 86294 
53437 53446 53447 53448 86289 86291 86294 
53437 53446 53447 53448 86289 86292 86294 
53437 53446 53447 53448 86290 86292 86294 
53437 53446 53448 86290 86291 86294 
53437 53446 53448 86291 86292 86294 
53437 53447 53448 86289 86291 86292 86294 
61893 133939 
80461 80469 
80461 103495 
106085 106101 
106085 106111 
106085 118983 
106085 132307 
106101 119002 
106101 125107 125133 
106101 125242 
132277 132303 
2030 2031 2472 
2030 2031 49596 
2030 2472 3553 
2030 3553 49482 
6726 8005 8012 33873 33879 
6726 8005 22168 33879 
6726 8005 33879 33886 
6726 8003 8012 33879 33881 
6726 8012 33872 33879 
6726 18918 18919 33879 
6726 18919 18925 
6726 18919 22180 33872 33879 
6726 18925 33873 
6726 18925 33879 
6726 22168 33873 33879 
6726 22168 33879 33886 
6726 22174 33879 
6726 33873 33879 33886 
6726 8003 33872 33879 33881 
6726 18918 33872 33879 
6726 8003 33879 33881 33885 
18918 18919 18926 22180 33872 
18918 18919 33872 33879 
18918 18925 33872 
18918 18925 33885 
18918 18926 22175 33881 33885 
18918 18926 22187 33881 33885 
18918 18928 22178 22180 33872 33885 
18918 18928 22178 33872 33884 33885 
18918 22175 22179 33872 33885 
18918 22179 22180 33885 
18918 22179 33872 33885 33886 
18918 22180 33872 33879 
18918 33872 33879 33881 
18918 33872 33881 33884 33885 
18918 33879 33881 33885 
18918 22175 22187 33881 33885 
18918 22175 33881 33885 33886 
18926 22167 22175 22180 33872 33881 33885 
18926 22167 22175 22187 33872 33881 33885 
18926 22167 22175 33872 33881 33886 
18926 22167 22175 33881 33885 33886 
18926 22175 22179 33872 33881 33885 
18926 22175 22187 33881 33885 33886 
18926 22175 33872 33873 33881 33886 
18926 22175 33872 33881 33885 33886 
18926 22179 33872 33881 33885 33886 
18926 22180 22187 33872 33881 33885 33887 
18926 22167 33872 33873 33881 33886 
18926 22167 33872 33881 33885 33886 
18926 33879 33881 33885 
22174 33873 33879 
22174 33881 33886 
27078 103495 
30790 30806 
30790 30822 
30790 36530 
30790 119002 
30790 131132 
30806 30818 125133 
30806 30822 106101 
30806 36495 
30806 62568 
30806 96928 
30806 102316 
30806 103474 
30806 106076 
30806 106101 125133 
30806 106253 
30806 119002 
30806 125107 125133 
30806 131132 
30806 132331 
30822 36507 
30822 36530 
30822 119002 
30822 125133 
30822 132307 
40198 40238 
49662 49686 
49686 49689 49700 
53438 53446 53448 86289 86290 86291 86294 
53438 53446 53448 86289 86290 86292 86294 
53438 53445 53447 53448 86291 86292 86294 
53446 53447 53448 86289 86291 86292 86294 
53446 53448 86289 86290 86291 86292 86294 
114648 131252 
3553 49596 
18240 18241 18248 18918 18928 22175 33885 33886 
18240 18241 18248 18918 18928 22178 33872 33885 33886 
18240 18241 18248 18918 18928 33872 33884 33885 
18240 18241 18248 18918 18928 33881 33885 
18240 18241 18248 22175 22178 33872 33881 33886 
18240 18241 18248 22175 22187 33886 
18240 18241 18248 22178 22187 33872 33886 
18240 18241 18248 22178 33872 33881 33884 33886 
18240 18241 18248 22187 33872 33881 
18240 18241 18248 22187 33872 33884 
18240 18241 18248 22187 33881 33886 
18240 18241 18918 18928 22175 22178 33872 33885 
18240 18241 18918 18928 33872 33881 33885 
18240 18241 18928 22178 33872 33881 33885 
18240 18241 18928 22178 33872 33884 33885 33886 
18240 18241 18928 22179 33872 33885 
18240 18241 18928 33881 33885 33886 
18240 18241 22175 22178 22187 33872 
18240 18241 22178 22187 33872 33881 
18240 18241 33872 33881 33884 33885 
18240 18241 22179 33872 33881 33885 
18240 18241 33872 33881 33885 33886 
18240 18248 22167 22175 22180 33872 33886 
18240 18248 22167 22175 22187 33886 
18240 18248 22167 22175 33881 33886 
18240 18248 22167 22180 22187 33872 33886 
18240 18248 22167 22180 33872 33881 33886 
18240 18248 22167 22180 33872 33884 33886 
18240 18248 22167 22187 33881 33886 
18240 18248 22175 22180 33872 33884 33886 
18240 18248 22175 22187 33872 33886 
18240 18248 22175 22187 33881 33886 
18240 18248 22175 33872 33881 33884 33886 
18240 18248 22180 22187 33872 33881 
18240 18248 22180 22187 33872 33884 
18240 18248 22180 33872 33881 33884 
18240 18248 22180 33872 33887 
18240 18248 22187 33872 33881 33884 
18240 18248 22187 33872 33881 33886 
18240 18248 22187 33872 33884 33886 
18240 18248 22187 33881 33887 
18240 22167 22175 22180 22187 33872 
18240 22167 22175 22180 33872 33881 
18240 22167 22175 22187 33881 
18240 22167 22180 22187 33872 33881 
18240 22167 22180 33872 33881 33884 33886 
18240 22167 33881 33886 33887 
18240 22180 22190 33872 
18240 22180 33872 33881 33887 
18240 33872 33879 
18240 22175 22187 33872 33881 
18248 18926 
18248 22167 22175 22180 22187 33872 33881 33886 33887 
18248 22167 22175 22180 22187 33872 33884 33886 
18248 22167 22175 22180 33872 33881 33884 33886 
18248 22175 22178 22187 33872 33881 33886 
18248 22175 22178 22187 33872 33884 33886 
18248 22175 22178 33872 33884 33885 33886 
18248 22175 22187 33872 33881 33884 33886 
18248 22175 33881 33885 33886 
18248 22178 22187 33872 33881 33884 33886 
18248 22178 33872 33881 33885 33886 
18248 22167 22180 22187 33872 33881 33884 33886 
18248 22180 22187 33872 33881 33884 33887 
18248 22187 22190 
18248 22187 33881 33885 
18248 22187 33872 33873 33886 33887 
18248 22180 22190 33872 
18248 33872 33881 33884 33885 
18336 30822 
18928 22178 22180 33872 33884 33885 
18928 33872 33881 33884 33885 33886 
18928 22175 33872 33884 33885 33886 
18928 22180 33872 33885 33887 
18928 22175 33872 33881 33885 
18928 22187 33872 33881 33885 
18928 22175 33881 33885 33886 
22168 33872 33873 33879 33881 
22168 33872 33873 33879 33886 
22168 33873 33879 33881 33885 
22168 33873 33879 33881 33886 
22168 33879 33881 33885 33886 
26072 30806 30822 
26072 30806 30833 
26072 30806 36530 
26072 34077 
26072 36495 
26072 80450 
26072 80461 
26072 96928 
26072 103474 
26072 103495 
26072 106268 
26072 125107 
27544 30822 
27688 53437 53438 53439 53445 53448 86289 
27688 53437 53438 53439 53445 53448 86292 
27688 53437 53438 53439 53447 53448 86289 
27688 53437 53438 53439 53447 53448 86292 
27688 53437 53438 53439 53447 53448 86294 
27688 53437 53438 53439 53448 86290 
27688 53437 53438 53439 53448 86292 86294 
27688 53437 53438 53445 53447 53448 86291 
27688 53437 53438 53445 53447 53448 86292 
27688 53437 53438 53445 53447 53448 86294 
27688 53437 53438 53445 53448 86289 86292 
27688 53437 53438 53445 53448 86289 86294 
27688 53437 53438 53446 53447 53448 86289 86290 
27688 53437 53438 53446 53447 53448 86291 
27688 53437 53438 53446 53447 53448 86292 
27688 53437 53438 53446 53448 86292 86294 
27688 53437 53438 53447 53448 86292 86294 
27688 53437 53438 53448 86289 86292 86294 
27688 53437 53438 53448 86290 86292 
27688 53437 53438 53448 86290 86294 
27688 53438 53439 53446 53447 53448 86289 86290 
27688 53438 53439 53446 53447 53448 86290 86291 86292 86294 
27688 53438 53439 53445 53447 53448 86291 
27688 53438 53439 53447 53448 86289 86292 
27688 53438 53439 53445 53448 86289 86292 
27688 53438 53439 53445 53448 86289 86294 
27688 53438 53439 53448 86289 86292 86294 
27688 53438 53446 53447 53448 86289 86291 86294 
27688 53438 53446 53447 53448 86289 86292 
27688 53438 53446 53448 86289 86290 86292 
27688 53438 53446 53448 86289 86292 86294 
27688 53438 53445 53447 53448 86289 86291 86294 
27688 53438 53445 53447 53448 86289 86292 
27688 53438 53447 53448 86289 86292 86294 
27688 53438 53448 86289 86290 86292 86294 
27688 53437 53439 53445 53447 53448 86291 
27688 53437 53439 53445 53447 53448 86292 86294 
27688 53437 53439 53445 53448 86289 86292 
27688 53437 53439 53445 53448 86289 86294 
27688 53437 53439 53446 53447 53448 86289 86290 
27688 53437 53439 53446 53447 53448 86291 
27688 53437 53439 53446 53447 53448 86292 86294 
27688 53437 53439 53447 53448 86289 86291 
27688 53437 53439 53447 53448 86289 86292 
27688 53437 53439 53447 53448 86289 86294 
27688 53437 53439 53448 86289 86292 86294 
27688 53437 53439 53448 86290 86292 
27688 53439 53446 53447 53448 86289 86290 86292 
27688 53439 53446 53447 53448 86289 86292 86294 
27688 53439 53445 53447 53448 86289 86292 86294 
27688 53439 53445 53447 53448 86291 86292 86294 
27688 53439 53447 53448 86289 86291 86294 
27688 53439 53448 86289 86290 86292 86294 
27688 53437 53446 53447 53448 86289 86292 
27688 53437 53446 53447 53448 86290 86291 
27688 53437 53446 53447 53448 86290 86292 
27688 53437 53446 53447 53448 86290 86294 
27688 53437 53446 53447 53448 86291 86294 
27688 53446 53447 53448 86289 86290 86292 86294 
27688 53437 53446 53448 86289 86290 86292 
27688 53437 53446 53448 86289 86290 86294 
27688 53437 53446 53448 86289 86292 86294 
27688 53437 53446 53448 86290 86292 86294 
27688 53437 53445 53447 53448 86289 86292 
27688 53437 53445 53447 53448 86291 86294 
27688 53437 53447 53448 86289 86291 86294 
27688 53437 53447 53448 86289 86292 86294 
27688 53447 53448 86289 86291 86292 86294 
27688 53437 53448 86289 86290 86292 86294 
33872 33873 33879 33881 33885 33886 
33872 33873 33881 33883 
33872 33879 33881 33884 
33872 33879 33887 
33872 33883 33884 
33872 33883 33885 
33872 33883 33886 
33872 47848 
34064 34077 
39104 39105 
39104 61886 
40192 40198 
97111 114801 
97111 119090 
97111 132441 
103495 103522 
103495 133527 
2883 6726 8003 8005 33873 33879 33881 
2883 6726 8003 18919 33873 33879 
2883 6726 8003 18919 33879 33885 
2883 6726 8003 33872 33873 33879 
2883 6726 8003 33873 33879 33885 
2883 6726 8005 8012 33879 33881 
2883 6726 8005 18919 33872 33873 33879 33881 
2883 6726 8005 18919 33879 33881 33885 
2883 6726 8005 33873 33879 33881 33885 
2883 6726 18919 33872 33873 33879 33885 
2883 6726 22168 33879 33881 
2883 6726 33872 33873 33879 33881 33885 
2883 6726 33879 33881 33886 
2883 8003 8005 8012 33881 
2883 8003 8005 18240 18241 18248 22168 22175 33886 
2883 8003 8005 18240 18241 18248 22178 33872 33886 
2883 8003 8005 18240 18241 18248 22180 33872 
2883 8003 8005 18240 18241 18248 33872 33884 
2883 8003 8005 18240 18241 18248 33881 
2883 8003 8005 18241 18248 18928 33885 
2883 8003 8005 18241 18248 22167 33886 
2883 8003 8005 18241 18248 22168 22175 22178 33872 33886 
2883 8003 8005 18241 18248 22178 22180 33872 33886 
2883 8003 8005 18241 18248 22178 33872 33884 33886 
2883 8003 8005 18241 18248 22180 33872 33884 
2883 8003 8005 18241 18248 22187 
2883 8003 8005 18241 18248 33872 33873 33881 
2883 8003 8005 18241 18248 33881 33886 
2883 8003 8005 18241 22167 22168 22175 33886 
2883 8003 8005 18241 22167 22187 33886 
2883 8003 8005 18241 22167 33872 33886 
2883 8003 8005 18241 22167 33881 33886 
2883 8003 8005 18241 22168 22175 33872 33884 33886 
2883 8003 8005 18241 22168 22175 33881 33886 
2883 8003 8005 18241 22187 33872 
2883 8003 8005 18241 22187 33881 
2883 8003 8005 18241 33872 33873 33881 33884 
2883 8003 8005 18241 33872 33873 33881 33886 
2883 8003 8005 18241 33872 33885 
2883 8003 8005 18918 18919 33872 33873 33881 
2883 8003 8005 18918 18919 33881 33885 
2883 8003 8005 18918 22180 33872 33885 
2883 8003 8005 18918 33885 33886 
2883 8003 8005 18919 22180 33872 33873 33881 33885 
2883 8003 8005 18919 22187 33881 33885 
2883 8003 8005 18919 33881 33885 33886 
2883 8003 8005 18926 33881 33885 
2883 8003 8005 22167 22168 22175 22180 33872 33886 
2883 8003 8005 22167 22168 22175 22187 33872 33886 
2883 8003 8005 22167 22168 22175 22187 33873 33881 33886 
2883 8003 8005 22167 22168 22175 22187 33881 33886 33887 
2883 8003 8005 22167 22168 22175 33872 33873 33881 33886 
2883 8003 8005 22167 22168 22175 33885 33886 
2883 8003 8005 22167 22180 22187 33872 33886 
2883 8003 8005 22167 22180 33872 33873 33881 33886 
2883 8003 8005 22167 22187 33872 33873 33881 33886 
2883 8003 8005 22167 22187 33885 33886 
2883 8003 8005 22167 33881 33885 33886 
2883 8003 8005 22168 22175 22180 22187 33872 33886 
2883 8003 8005 22168 22175 22180 33872 33873 33881 33886 
2883 8003 8005 22168 22175 22187 33872 33873 33881 33886 
2883 8003 8005 22168 22175 22187 33873 33881 33886 33887 
2883 8003 8005 22168 22175 22187 33885 33886 
2883 8003 8005 22168 22175 33872 33885 33886 
2883 8003 8005 22168 22175 33873 33881 33885 33886 
2883 8003 8005 22180 22181 22187 33872 33873 33881 
2883 8003 8005 22180 22181 22187 33872 33886 
2883 8003 8005 22180 22187 33872 33873 33881 33886 
2883 8003 8005 22180 22187 33872 33873 33881 33887 
2883 8003 8005 22180 22187 33872 33884 
2883 8003 8005 22180 22187 33872 33885 
2883 8003 8005 22180 33872 33873 33881 33884 
2883 8003 8005 22180 33872 33884 33886 
2883 8003 8005 22180 33872 33885 33886 
2883 8003 8005 22187 33872 33873 33881 33884 
2883 8003 8005 22187 33872 33873 33881 33885 
2883 8003 8005 22187 33881 33885 33886 
2883 8003 8005 22187 33881 33885 33887 
2883 8003 8005 33872 33873 33881 33884 33886 
2883 8003 8005 33872 33873 33881 33885 33886 
2883 8003 8005 33872 33879 
2883 8003 8005 33872 33884 33885 
2883 8003 8005 18928 33872 33885 
2883 8003 8012 22175 33881 
2883 8003 8012 33872 33873 33881 
2883 8003 8012 33879 33881 
2883 8003 8012 33881 33885 
2883 8003 16991 33873 
2883 8003 18240 18241 18248 18918 18928 33885 
2883 8003 18240 18241 18248 22167 33886 
2883 8003 18240 18241 18248 22175 22178 33872 33886 
2883 8003 18240 18241 18248 22178 22180 33872 33886 
2883 8003 18240 18241 18248 22178 33872 33884 33886 
2883 8003 18240 18241 18248 22180 33872 33884 
2883 8003 18240 18241 18248 22187 
2883 8003 18240 18241 18248 33872 33873 33881 
2883 8003 18240 18241 18248 33881 33886 
2883 8003 18240 18248 18918 18928 33872 33885 
2883 8003 18240 18248 22180 33872 33873 
2883 8003 18241 18248 18928 33872 33885 
2883 8003 18241 18248 18928 33885 33886 
2883 8003 18241 18248 22167 22175 33886 
2883 8003 18241 18248 22167 22178 22180 33872 33886 
2883 8003 18241 18248 22167 22187 33886 
2883 8003 18241 18248 22167 33881 33886 
2883 8003 18241 18248 22175 22178 22180 33872 33886 
2883 8003 18241 18248 22175 22178 33872 33884 33886 
2883 8003 18241 18248 22175 33881 33886 
2883 8003 18241 18248 22178 22180 33872 33884 33886 
2883 8003 18241 18248 22178 33872 33873 33881 33886 
2883 8003 18241 18248 22180 22187 33872 
2883 8003 18241 18248 22180 33872 33873 33881 
2883 8003 18241 18248 22187 33881 
2883 8003 18241 18248 33872 33873 33881 33884 
2883 8003 18241 22167 22175 22187 33886 
2883 8003 18241 22167 22175 33872 33886 
2883 8003 18241 22167 22175 33881 33886 
2883 8003 18241 22167 22187 33872 33886 
2883 8003 18241 22167 22187 33881 33886 
2883 8003 18241 22167 33872 33873 33881 33886 
2883 8003 18241 22167 33872 33884 33886 
2883 8003 18241 22175 33872 33873 33881 33886 
2883 8003 18241 22175 33885 33886 
2883 8003 18241 22187 33872 33873 33881 
2883 8003 18241 22187 33872 33884 
2883 8003 18241 33872 33873 33881 33884 33886 
2883 8003 18241 33872 33884 33885 
2883 8003 18241 33872 33885 33886 
2883 8003 18241 33873 33885 
2883 8003 18241 33881 33885 
2883 8003 18248 18919 33873 33885 
2883 8003 18248 18928 22180 33872 33885 
2883 8003 18248 22168 22187 
2883 8003 18248 22168 33873 
2883 8003 18248 22187 33873 
2883 8003 18918 18919 22180 33872 33873 33885 
2883 8003 18918 18919 33872 33873 33881 33885 
2883 8003 18918 22167 33885 
2883 8003 18918 22175 33872 33885 
2883 8003 18918 22175 33885 33886 
2883 8003 18918 22180 22187 33872 33885 
2883 8003 18918 22180 33872 33873 33881 33885 
2883 8003 18918 22187 33881 33885 
2883 8003 18918 33872 33884 33885 
2883 8003 18918 33872 33885 33886 
2883 8003 18918 33885 33887 
2883 8003 18919 18925 33873 
2883 8003 18919 18925 33885 
2883 8003 18919 18926 33881 33885 
2883 8003 18919 18928 33885 
2883 8003 18919 22168 33873 33885 
2883 8003 18919 22175 33881 33885 
2883 8003 18919 22180 22187 33872 33873 33881 33885 
2883 8003 18919 22180 33872 33873 33885 33887 
2883 8003 18919 22187 33881 33885 33887 
2883 8003 18919 22191 33885 
2883 8003 18919 33873 33884 33885 
2883 8003 18926 33872 33873 33881 33885 
2883 8003 22167 22175 22180 22187 33872 33873 33881 33887 
2883 8003 22167 22175 22180 22187 33872 33886 
2883 8003 22167 22175 22180 33872 33873 33881 33886 
2883 8003 22167 22175 22187 33872 33873 33881 33886 
2883 8003 22167 22175 22187 33873 33881 33886 33887 
2883 8003 22167 22175 22187 33881 33885 
2883 8003 22167 22175 22187 33885 33886 
2883 8003 22167 22175 33872 33884 
2883 8003 22167 22175 33872 33885 
2883 8003 22167 22175 33873 33881 33885 
2883 8003 22167 22175 33881 33885 33886 
2883 8003 22167 22180 22181 22187 33872 
2883 8003 22167 22180 22187 33872 33873 33881 33886 
2883 8003 22167 22180 33872 33884 
2883 8003 22167 22180 33872 33885 
2883 8003 22167 22187 33872 33884 
2883 8003 22167 22187 33872 33885 
2883 8003 22167 22187 33873 33881 33885 
2883 8003 22167 22187 33881 33885 33886 
2883 8003 22167 33872 33873 33881 33884 
2883 8003 22167 33872 33873 33881 33885 
2883 8003 22167 33872 33885 33886 
2883 8003 22167 33873 33881 33885 33886 
2883 8003 22168 22187 33873 33885 
2883 8003 22175 22180 22181 22187 33872 
2883 8003 22175 22180 22187 33872 33873 33881 33886 33887 
2883 8003 22175 22180 33872 33884 33886 
2883 8003 22175 22180 33872 33885 33886 
2883 8003 22175 22187 33872 33884 
2883 8003 22175 22187 33872 33885 
2883 8003 22175 22187 33873 33881 33885 
2883 8003 22175 22187 33881 33885 33886 
2883 8003 22175 22187 33881 33885 33887 
2883 8003 22175 33872 33873 33881 33884 33886 
2883 8003 22175 33872 33873 33881 33885 33886 
2883 8003 22175 33872 33884 33885 
2883 8003 18928 22175 33885 33886 
2883 8003 22180 22181 22187 33872 33873 33881 33887 
2883 8003 22180 22181 33872 33885 
2883 8003 22180 22187 33872 33873 33881 33884 33887 
2883 8003 22180 22187 33872 33873 33881 33885 33887 
2883 8003 22180 33872 33884 33885 
2883 8003 22187 33872 33884 33885 
2883 8003 22187 33872 33884 33886 
2883 8003 22187 33872 33885 33886 
2883 8003 22187 33873 33881 33885 33886 
2883 8003 33872 33873 33879 33881 
2883 8003 33872 33873 33881 33884 33885 
2883 8003 18928 33872 33873 33885 
2883 8003 33872 33879 33885 
2883 8003 18928 33872 33884 33885 
2883 8003 33872 33884 33885 33886 
2883 8003 18928 33872 33885 33886 
2883 8003 22179 33872 33885 
2883 8003 33879 33881 33885 
2883 8003 18928 33881 33885 
2883 8005 8012 18919 33881 
2883 8005 8012 22168 22175 33881 
2883 8005 8012 33872 33873 33881 
2883 8005 8012 33873 33879 33881 
2883 8005 8012 33881 33885 
2883 8005 18240 18241 18248 18918 18928 33885 
2883 8005 18240 18241 18248 22167 33886 
2883 8005 18240 18241 18248 22168 22175 22178 33872 33886 
2883 8005 18240 18241 18248 22178 22180 33872 33886 
2883 8005 18240 18241 18248 22178 33872 33884 33886 
2883 8005 18240 18241 18248 22180 33872 33884 
2883 8005 18240 18241 18248 22187 
2883 8005 18240 18241 18248 33872 33873 33881 
2883 8005 18240 18241 18248 33881 33886 
2883 8005 18240 18241 18918 18928 33872 33885 
2883 8005 18240 18241 18919 18928 33881 33885 
2883 8005 18240 18241 18928 22168 33885 
2883 8005 18240 18241 18928 22178 33872 33885 
2883 8005 18240 18241 18928 22180 33872 33885 
2883 8005 18240 18241 18928 33885 33886 
2883 8005 18240 18241 22167 22168 22175 
2883 8005 18240 18241 22167 22168 22178 22180 33872 
2883 8005 18240 18241 22167 22168 33881 
2883 8005 18240 18241 22167 22168 33886 
2883 8005 18240 18241 22167 22178 22180 33872 33873 33881 
2883 8005 18240 18241 22167 22178 22180 33872 33886 
2883 8005 18240 18241 22167 22187 
2883 8005 18240 18241 22167 33881 33886 
2883 8005 18240 18241 22168 22175 22178 22180 33872 
2883 8005 18240 18241 22168 22175 33881 
2883 8005 18240 18241 22168 22178 22180 33872 33886 
2883 8005 18240 18241 22168 22178 33872 33873 33881 
2883 8005 18240 18241 22168 22178 33872 33884 33886 
2883 8005 18240 18241 22168 33881 33886 
2883 8005 18240 18241 22178 22180 33872 33884 33886 
2883 8005 18240 18241 22178 33872 33873 33881 33886 
2883 8005 18240 18241 22180 22187 33872 
2883 8005 18240 18241 22187 33881 
2883 8005 18240 18241 33872 33873 33881 33884 
2883 8005 18241 18248 18928 33872 33885 
2883 8005 18241 18248 18928 33885 33886 
2883 8005 18241 18248 22167 22168 22175 33886 
2883 8005 18241 18248 22167 22178 22180 33872 33886 
2883 8005 18241 18248 22167 22187 33886 
2883 8005 18241 18248 22167 33881 33886 
2883 8005 18241 18248 22168 22175 22178 22180 33872 33886 
2883 8005 18241 18248 22168 22175 22178 33872 33884 33886 
2883 8005 18241 18248 22168 22175 33881 33886 
2883 8005 18241 18248 22178 22180 33872 33884 33886 
2883 8005 18241 18248 22178 33872 33873 33881 33886 
2883 8005 18241 18248 22180 22187 33872 
2883 8005 18241 18248 22180 33872 33873 33881 
2883 8005 18241 18248 22187 33881 
2883 8005 18241 18248 33872 33873 33881 33884 
2883 8005 18241 18919 18928 33872 33873 33881 33885 
2883 8005 18241 18926 33881 33885 
2883 8005 18241 18928 22167 33885 
2883 8005 18241 18928 22168 22175 33885 
2883 8005 18241 18928 22168 22178 33872 33885 
2883 8005 18241 18928 22168 33885 33886 
2883 8005 18241 18928 22178 22180 33872 33885 
2883 8005 18241 18928 22178 33872 33885 33886 
2883 8005 18241 18928 33872 33884 33885 
2883 8005 18241 22167 22168 22175 22178 22180 33872 
2883 8005 18241 22167 22168 22175 22187 33872 
2883 8005 18241 22167 22168 22175 22187 33881 
2883 8005 18241 22167 22168 22175 22187 33886 
2883 8005 18241 22167 22168 22175 33872 33873 33881 
2883 8005 18241 22167 22168 22175 33872 33886 
2883 8005 18241 22167 22168 22175 33881 33886 
2883 8005 18241 22167 22168 22178 22180 33872 33873 33881 
2883 8005 18241 22167 22168 22178 22180 33872 33886 
2883 8005 18241 22167 22168 33872 33873 33881 33886 
2883 8005 18241 22167 22168 33872 33884 33886 
2883 8005 18241 22167 22178 22180 22187 33872 
2883 8005 18241 22167 22178 22180 33872 33873 33881 33886 
2883 8005 18241 22167 22178 22180 33872 33884 33886 
2883 8005 18241 22167 22187 33872 33873 33881 
2883 8005 18241 22167 22187 33872 33886 
2883 8005 18241 22167 22187 33881 33886 
2883 8005 18241 22167 33872 33873 33881 33884 33886 
2883 8005 18241 22167 33872 33885 
2883 8005 18241 22167 33881 33885 
2883 8005 18241 22167 33885 33886 
2883 8005 18241 22168 22175 22178 33872 33873 33881 
2883 8005 18241 22168 22175 33872 33873 33881 33886 
2883 8005 18241 22168 22175 33872 33885 
2883 8005 18241 22168 22175 33885 33886 
2883 8005 18241 22168 22178 22180 33872 33884 33886 
2883 8005 18241 22168 22178 33872 33873 33881 33886 
2883 8005 18241 22168 33872 33873 33881 33884 33886 
2883 8005 18241 22168 33872 33885 33886 
2883 8005 18241 22168 33881 33885 
2883 8005 18241 22178 33872 33873 33881 33884 33886 
2883 8005 18241 22180 22181 22187 33872 
2883 8005 18241 22180 22187 33872 33873 33881 
2883 8005 18241 22180 33872 33873 33881 33884 
2883 8005 18241 22187 33872 33884 
2883 8005 18241 33872 33884 33885 33886 
2883 8005 18241 22179 33872 33885 
2883 8005 18241 33881 33885 33886 
2883 8005 18241 33881 33887 
2883 8005 18918 18919 18926 33881 33885 
2883 8005 18918 18919 22180 33872 33873 33881 33885 
2883 8005 18918 18919 22187 33881 33885 
2883 8005 18918 18919 33881 33885 33886 
2883 8005 18918 22167 33885 
2883 8005 18918 22168 22175 33872 33885 
2883 8005 18918 22168 22175 33885 33886 
2883 8005 18918 22179 33872 33885 
2883 8005 18918 22180 22187 33872 33885 
2883 8005 18918 33872 33885 33886 
2883 8005 18919 18926 22168 33881 33885 
2883 8005 18919 18926 22180 33872 33873 33881 33885 
2883 8005 18919 18928 22168 33881 33885 
2883 8005 18919 18928 22180 33872 33873 33881 33885 
2883 8005 18919 18928 33881 33885 33886 
2883 8005 18919 22167 22168 33881 33885 
2883 8005 18919 22167 22180 33872 33873 33881 33885 
2883 8005 18919 22167 33881 33885 33886 
2883 8005 18919 22168 22175 33872 33873 33881 33885 
2883 8005 18919 22168 22175 33881 33885 33886 
2883 8005 18919 22168 22180 33872 33873 33881 33885 
2883 8005 18919 22168 33872 33873 33881 33885 33886 
2883 8005 18919 22179 33872 33873 33881 33885 
2883 8005 18919 22180 22187 33872 33873 33881 33885 
2883 8005 18919 22180 33872 33873 33881 33885 33886 
2883 8005 18919 22180 33872 33873 33881 33885 33887 
2883 8005 18919 22187 33881 33885 33887 
2883 8005 18919 22191 33881 33885 
2883 8005 18919 33872 33873 33879 33881 33885 
2883 8005 18919 33872 33873 33881 33884 33885 
2883 8005 18926 22167 22168 33881 33885 
2883 8005 18926 22168 22175 33881 33885 
2883 8005 18926 22168 33872 33873 33881 33885 
2883 8005 18926 22168 33881 33885 33886 
2883 8005 18926 22179 33872 33873 33881 33885 
2883 8005 18926 22187 33881 33885 
2883 8005 22167 22168 22175 22180 22181 22187 33872 
2883 8005 22167 22168 22175 22180 22187 33872 33873 33881 
2883 8005 22167 22168 22175 22180 22187 33872 33886 
2883 8005 22167 22168 22175 22180 33872 33873 33881 33886 
2883 8005 22167 22168 22175 22187 33872 33873 33881 33886 
2883 8005 22167 22168 22175 22187 33873 33881 33886 33887 
2883 8005 22167 22168 22175 22187 33881 33885 
2883 8005 22167 22168 22175 22187 33885 33886 
2883 8005 22167 22168 22175 33872 33885 
2883 8005 22167 22168 22175 33873 33881 33885 
2883 8005 22167 22168 22175 33881 33885 33886 
2883 8005 22167 22168 22179 33872 33885 
2883 8005 22167 22168 22180 33872 33873 33881 33886 33887 
2883 8005 22167 22168 22180 33872 33885 
2883 8005 22167 22168 33872 33873 33881 33885 
2883 8005 22167 22168 33872 33885 33886 
2883 8005 22167 22168 33873 33881 33885 33886 
2883 8005 22167 22179 33872 33873 33885 
2883 8005 22167 22179 33872 33885 33886 
2883 8005 22167 22180 22181 22187 33872 33873 33881 
2883 8005 22167 22180 22181 22187 33872 33886 
2883 8005 22167 22180 22187 33872 33873 33881 33886 
2883 8005 22167 22180 33872 33885 33886 
2883 8005 22167 22187 33872 33885 
2883 8005 22167 22187 33873 33881 33885 
2883 8005 22167 22187 33881 33885 33886 
2883 8005 22167 33872 33873 33881 33885 33886 
2883 8005 22168 22175 22179 33872 33885 
2883 8005 22168 22175 22180 22181 22187 33872 33873 33881 
2883 8005 22168 22175 22180 22181 22187 33872 33886 
2883 8005 22168 22175 22180 22187 33872 33873 33881 33886 33887 
2883 8005 22168 22175 22180 33872 33884 33886 
2883 8005 22168 22175 22180 33872 33885 33886 
2883 8005 22168 22175 22187 33872 33885 
2883 8005 22168 22175 22187 33873 33881 33885 
2883 8005 22168 22175 22187 33881 33885 33886 
2883 8005 22168 22175 33872 33873 33881 33884 33886 
2883 8005 22168 22175 33872 33873 33881 33885 33886 
2883 8005 18928 22168 22175 33872 33885 
2883 8005 18928 22168 22175 33885 33886 
2883 8005 22168 22179 33872 33873 33881 33885 
2883 8005 22168 22179 33872 33885 33886 
2883 8005 18928 22168 22180 33872 33885 
2883 8005 22168 33872 33884 33885 33886 
2883 8005 18928 22168 33872 33885 33886 
2883 8005 22168 33879 33881 
2883 8005 22168 33881 33885 33886 33887 
2883 8005 22168 33879 33886 
2883 8005 22180 22181 22187 33872 33873 33881 33886 
2883 8005 22180 22181 22187 33872 33873 33881 33887 
2883 8005 22180 22181 22187 33872 33885 
2883 8005 22180 22187 33872 33873 33881 33884 
2883 8005 22180 33872 33873 33881 33884 33886 
2883 8005 22180 33872 33873 33881 33884 33887 
2883 8005 22180 33872 33879 33885 
2883 8005 18928 22180 33872 33884 33885 
2883 8005 18928 22180 33872 33885 33886 
2883 8005 22179 22180 33872 33885 
2883 8005 22187 33872 33884 33886 
2883 8005 22187 33872 33885 33886 
2883 8005 22187 33873 33881 33885 33886 
2883 8005 22187 33873 33881 33885 33887 
2883 8005 22179 33872 33873 33881 33885 33886 
2883 8005 18928 33872 33884 33885 33886 
2883 8005 33879 33881 33886 
2883 16985 33872 
2883 18240 18241 18248 18918 18928 33872 33885 
2883 18240 18241 18248 18918 18928 33885 33886 
2883 18240 18241 18248 22167 22175 33886 
2883 18240 18241 18248 22167 22178 22180 33872 33886 
2883 18240 18241 18248 22167 22187 33886 
2883 18240 18241 18248 22167 33881 33886 
2883 18240 18241 18248 22175 22178 22180 33872 33886 
2883 18240 18241 18248 22175 22178 33872 33884 33886 
2883 18240 18241 18248 22175 33881 33886 
2883 18240 18241 18248 22178 22180 33872 33884 33886 
2883 18240 18241 18248 22178 33872 33873 33881 33886 
2883 18240 18241 18248 22180 22187 33872 
2883 18240 18241 18248 22180 33872 33873 33881 
2883 18240 18241 18248 22187 33881 
2883 18240 18241 18248 33872 33873 33881 33884 
2883 18240 18241 18918 18928 22178 33872 33885 
2883 18240 18241 18918 18928 22180 33872 33885 
2883 18240 18241 18918 18928 33881 33885 
2883 18240 18241 18928 22167 33885 
2883 18240 18241 18928 22178 22180 33872 33885 
2883 18240 18241 18928 22178 33872 33885 33886 
2883 18240 18241 18928 33872 33873 33881 33885 
2883 18240 18241 18928 33872 33884 33885 
2883 18240 18241 22167 22168 22178 33873 
2883 18240 18241 22167 22168 22178 33886 
2883 18240 18241 22167 22168 33872 33873 33881 
2883 18240 18241 22167 22168 33872 33886 
2883 18240 18241 22167 22168 33873 33886 
2883 18240 18241 22167 22168 33884 33886 
2883 18240 18241 22167 22168 33881 33886 
2883 18240 18241 22167 22175 22178 22180 33872 
2883 18240 18241 22167 22175 22187 
2883 18240 18241 22167 22175 33881 
2883 18240 18241 22167 22178 22180 22187 33872 
2883 18240 18241 22167 22178 22180 33872 33873 33881 33886 
2883 18240 18241 22167 22178 22180 33872 33884 33886 
2883 18240 18241 22167 22178 33873 33884 33886 
2883 18240 18241 22167 33872 33873 33881 33884 33886 
2883 18240 18241 22167 33872 33885 
2883 18240 18241 22167 33885 33886 
2883 18240 18241 22168 22178 33873 33886 
2883 18240 18241 22168 33872 33873 33881 33886 
2883 18240 18241 22168 33872 33885 
2883 18240 18241 22168 33873 33884 33886 
2883 18240 18241 22168 33885 33886 
2883 18240 18241 22175 22178 33872 33873 33881 
2883 18240 18241 22178 33872 33873 33881 33884 33886 
2883 18240 18241 22180 22187 33872 33873 33881 
2883 18240 18241 22180 33872 33873 33881 33884 
2883 18240 18241 33872 33884 33885 33886 
2883 18240 18241 22179 33872 33885 
2883 18240 18248 18918 18928 22180 33872 33885 
2883 18240 18918 18919 18928 33885 
2883 18240 18918 18928 33872 33873 33885 
2883 18240 18919 18928 33872 33873 33885 
2883 18240 18928 22180 33872 33873 33885 
2883 18240 22180 22181 33872 
2883 18240 22180 33872 33873 33887 
2883 18241 18248 18928 22175 33885 33886 
2883 18241 18248 18928 22178 33872 33885 33886 
2883 18241 18248 18928 22180 33872 33885 
2883 18241 18248 18928 33872 33884 33885 
2883 18241 18248 18928 33881 33885 
2883 18241 18248 22167 22175 22178 22180 33872 33886 
2883 18241 18248 22167 22175 22187 33886 
2883 18241 18248 22167 22175 33881 33886 
2883 18241 18248 22167 22178 22180 22187 33872 33886 
2883 18241 18248 22167 22178 22180 33872 33873 33881 33886 
2883 18241 18248 22167 22178 22180 33872 33884 33886 
2883 18241 18248 22167 22187 33881 33886 
2883 18241 18248 22175 22178 22180 33872 33884 33886 
2883 18241 18248 22175 22178 33872 33873 33881 33886 
2883 18241 18248 22178 33872 33873 33881 33884 33886 
2883 18241 18248 22180 22187 33872 33873 33881 
2883 18241 18248 22180 22187 33872 33884 
2883 18241 18248 22180 33872 33873 33881 33884 
2883 18241 18248 22187 33881 33887 
2883 18241 18928 22167 22178 22180 33872 33885 
2883 18241 18928 22167 33881 33885 
2883 18241 18928 22167 33885 33886 
2883 18241 18928 22175 22178 33872 33885 
2883 18241 18928 22178 22180 33872 33885 33886 
2883 18241 18928 22178 33872 33873 33881 33885 
2883 18241 18928 22178 33872 33884 33885 33886 
2883 18241 18928 22179 33872 33885 
2883 18241 18928 22180 33872 33873 33881 33885 
2883 18241 18928 22180 33872 33884 33885 
2883 18241 18928 33881 33885 33886 
2883 18241 22167 22168 22178 33873 33886 
2883 18241 22167 22168 22178 33884 33886 
2883 18241 22167 22168 33872 33873 33881 33884 33886 
2883 18241 22167 22168 33872 33885 
2883 18241 22167 22168 33885 33886 
2883 18241 22167 22175 22178 22180 22187 33872 
2883 18241 22167 22175 22178 22180 33872 33873 33881 
2883 18241 22167 22175 22187 33872 33873 33881 
2883 18241 22167 22175 22187 33872 33886 
2883 18241 22167 22175 22187 33881 33886 
2883 18241 22167 22175 33872 33873 33881 33886 
2883 18241 22167 22175 33872 33884 33886 
2883 18241 22167 22178 22180 22187 33872 33873 33881 
2883 18241 22167 22178 22180 33872 33873 33881 33884 33886 
2883 18241 22167 22179 33872 33885 
2883 18241 22167 22187 33872 33873 33881 33886 
2883 18241 22167 33872 33873 33881 33885 33886 
2883 18241 22167 33872 33884 33885 33886 
2883 18241 22167 33881 33886 33887 
2883 18241 22168 22178 33873 33884 33886 
2883 18241 22168 22179 33872 33885 
2883 18241 22168 33872 33873 33881 33885 
2883 18241 22168 33872 33884 33885 33886 
2883 18241 22168 33881 33885 33886 
2883 18241 22180 33872 33873 33881 33887 
2883 18241 22175 33872 33873 33881 33884 33886 
2883 18241 22187 33872 33873 33881 33884 
2883 18241 33872 33873 33881 33884 33885 33886 
2883 18241 22179 33872 33873 33881 33885 
2883 18241 22179 33872 33884 33885 
2883 18241 22179 33872 33885 33886 
2883 18241 22175 33872 33885 33886 
2883 18918 18919 18926 33872 33873 33881 33885 
2883 18918 18919 22167 33881 33885 
2883 18918 18919 22180 22187 33872 33873 33881 33885 
2883 18918 18919 22191 33872 33873 33885 
2883 18918 18919 22191 33881 33885 
2883 18918 18919 22175 33881 33885 
2883 18918 18919 33885 33887 
2883 18918 22167 22175 22180 33872 33885 
2883 18918 22167 22175 22187 33885 
2883 18918 22167 22175 33881 33885 
2883 18918 22167 22180 22187 33872 33885 
2883 18918 22167 22180 33872 33873 33881 33885 
2883 18918 22167 22187 33881 33885 
2883 18918 22167 33885 33886 
2883 18918 22179 33872 33873 33881 33885 
2883 18918 22180 22181 33872 33885 
2883 18918 22180 33872 33873 33885 33887 
2883 18918 22180 33872 33884 33885 
2883 18918 22180 33872 33885 33886 
2883 18918 33872 33873 33879 
2883 18918 22175 33872 33873 33881 33885 
2883 18918 33872 33873 33881 33885 33886 
2883 18918 33872 33879 33885 
2883 18918 22175 33872 33885 33886 
2883 18918 22187 33881 33885 33887 
2883 18919 18925 33873 33885 
2883 18919 18926 22167 22175 33881 33885 
2883 18919 18926 22167 22180 33872 33873 33881 33885 
2883 18919 18926 22175 33872 33873 33881 33885 
2883 18919 18926 22180 22187 33872 33873 33881 33885 
2883 18919 18926 22180 33872 33873 33881 33885 33887 
2883 18919 18926 22187 33881 33885 33887 
2883 18919 18926 33881 33885 33886 
2883 18248 18919 18928 33885 
2883 18919 22167 22175 22180 33872 33873 33881 33885 
2883 18919 22167 22175 22187 33881 33885 
2883 18919 22167 22180 22187 33872 33873 33881 33885 
2883 18919 22167 22180 33872 33873 33881 33885 33886 
2883 18919 22167 33881 33885 33887 
2883 18919 22180 22181 22187 33872 33873 33881 33885 
2883 18919 22175 22180 22187 33872 33873 33881 33885 
2883 18919 22180 22187 33872 33873 33881 33885 33887 
2883 18919 22180 22191 33872 33873 33881 33885 
2883 18919 22180 33872 33873 33879 33885 
2883 18919 22180 33872 33873 33881 33884 33885 
2883 18919 22187 22191 33881 33885 
2883 18919 22191 33881 33885 33886 
2883 18919 22191 33885 33887 
2883 8012 18919 33872 33873 33881 
2883 18919 22175 33872 33873 33881 33885 33886 
2883 8012 18919 33881 33885 
2883 18248 18919 33881 33885 
2883 18919 22175 22187 33881 33885 33887 
2883 18919 22187 33881 33885 33886 
2883 18919 33881 33885 33886 33887 
2883 22167 22168 22179 33872 33873 33881 33885 
2883 22167 22168 22179 33872 33885 33886 
2883 22167 22168 33872 33873 33881 33885 33886 
2883 8012 22167 22175 33881 
2883 18248 22167 22175 22178 22180 22187 33872 33886 
2883 18248 22167 22175 22178 22180 33872 33873 33881 33886 
2883 18248 22167 22175 22178 22180 33872 33884 33886 
2883 18248 22167 22175 22187 33881 33886 33887 
2883 18926 22167 22175 22187 33881 33885 
2883 18926 22167 22175 33872 33873 33881 33885 
2883 22167 22175 22178 22180 22187 33872 33873 33881 
2883 22167 22175 22179 33872 33885 
2883 22167 22175 22180 22181 22187 33872 33873 33881 
2883 22167 22175 22180 22187 22192 33872 33873 33881 
2883 22167 22175 22180 22187 33872 33873 33881 33885 
2883 22167 22175 22180 22187 33872 33873 33881 33886 33887 
2883 22167 22175 22180 22187 33872 33884 
2883 22167 22175 22180 33872 33873 33881 33884 
2883 22167 22175 22180 33872 33885 33886 
2883 22167 22175 22187 33872 33873 33881 33884 
2883 22167 22175 22187 33872 33884 33886 
2883 22167 22175 22187 33872 33885 33886 
2883 22167 22175 22187 33873 33881 33885 33886 
2883 22167 22175 22187 33873 33881 33885 33887 
2883 22167 22175 22187 33881 33885 33886 33887 
2883 22167 22175 33872 33873 33881 33884 33886 
2883 22167 22175 33872 33873 33881 33885 33886 
2883 22167 22177 
2883 18248 22167 22178 22180 22187 33872 33873 33881 33886 
2883 18248 22167 22178 22180 22187 33872 33884 33886 
2883 18248 22167 22178 22180 33872 33873 33881 33884 33886 
2883 22167 22178 22180 33872 33873 33881 33885 
2883 22167 22178 22180 33872 33873 33881 33886 33887 
2883 22167 22178 22180 33872 33885 33886 
2883 22167 22179 22180 33872 33885 
2883 22167 22179 33872 33873 33881 33885 33886 
2883 22167 22180 22187 33872 33873 33881 33884 
2883 22167 22180 22187 33872 33885 33886 
2883 22167 22180 22192 33872 33873 33881 33886 33887 
2883 22167 22180 33872 33873 33881 33884 33887 
2883 22167 22180 33872 33873 33881 33885 33887 
2883 22167 22180 33872 33884 33885 
2883 22167 22187 33872 33873 33881 33884 33886 
2883 22167 22187 33872 33873 33881 33885 33886 
2883 22167 33872 33873 33881 33884 33885 33886 
2883 22167 33873 33879 33881 
2883 22167 33873 33881 33885 33886 33887 
2883 22167 33879 33881 33886 
2883 18926 22167 33881 33885 33886 
2883 22168 22179 33872 33873 33881 33885 33886 
2883 22168 33872 33879 
2883 22168 33873 33879 33881 
2883 22168 33879 33881 33886 
2883 22168 33879 33885 33886 
2883 22175 22180 22181 22187 33872 33873 33881 33887 
2883 22180 22181 22187 33872 33884 
2883 18248 22180 22187 33872 33873 33881 33884 
2883 18248 22180 22187 33872 33873 33881 33887 
2883 22175 22180 22187 33872 33873 33881 33884 33887 
2883 22175 22180 22187 33872 33873 33881 33885 33887 
2883 22175 22180 22187 33872 33884 33886 
2883 22175 22180 22187 33872 33885 33886 
2883 22180 22187 33872 33873 33881 33884 33885 
2883 22180 22187 33872 33873 33881 33884 33886 
2883 22180 22187 33872 33873 33881 33885 33886 
2883 18928 22180 22187 33872 33885 
2883 22180 22190 33872 33873 
2883 22180 22190 33872 33884 33886 
2883 22180 33872 33873 33879 33881 33885 
2883 22175 22180 33872 33873 33881 33884 33886 
2883 22175 22180 33872 33873 33881 33885 33886 
2883 22180 33872 33873 33881 33884 33885 33887 
2883 22180 33872 33873 33881 33884 33886 33887 
2883 22179 22180 33872 33873 33881 33885 
2883 22180 33872 33873 33881 33885 33886 33887 
2883 18248 22180 33872 33884 33885 
2883 18928 22180 33872 33884 33885 33886 
2883 22178 22180 33872 33884 33885 33886 
2883 18248 22178 22180 33872 33885 33886 
2883 8012 33872 33873 33879 33881 
2883 33872 33873 33879 33881 33886 
2883 8012 22175 33872 33873 33881 
2883 8012 33872 33873 33881 33885 
2883 16991 33872 33873 33881 33884 
2883 18248 22175 22178 33872 33873 33881 33884 33886 
2883 18248 33872 33873 33881 33885 
2883 18926 33872 33873 33881 33884 33885 
2883 18926 33872 33873 33881 33885 33886 
2883 22175 22179 33872 33873 33881 33885 
2883 22175 22187 33872 33873 33881 33884 33886 
2883 22175 22187 33872 33873 33881 33885 33886 
2883 22175 33872 33873 33881 33884 33885 
2883 18928 33872 33873 33881 33884 33885 
2883 18928 33872 33873 33881 33885 33886 
2883 22178 33872 33873 33881 33885 33886 
2883 33872 33873 33883 
2883 18248 18928 33872 33873 33885 
2883 33872 33879 33884 33885 
2883 18928 33872 33879 33885 
2883 33872 33879 33885 33886 
2883 18248 22178 33872 33884 33885 33886 
2883 22175 33872 33884 33885 33886 
2883 18928 22175 33872 33885 33886 
2883 22175 22179 33872 33885 33886 
2883 18248 22175 22178 33872 33885 33886 
2883 33873 33879 33881 33885 33886 
2883 33873 33879 33884 33885 
2883 8012 22175 33873 33881 33885 
2883 22175 22187 33873 33881 33885 33886 33887 
8003 8005 18241 22167 22168 22175 22187 33886 
8003 8005 18241 22167 22168 22175 33872 33886 
8003 8005 18241 22167 22168 22175 33881 33886 
8003 8005 18241 22167 22175 33872 33881 33886 
8003 8005 18241 22167 22180 33872 33886 
8003 8005 18241 22167 22187 33872 33886 
8003 8005 18241 22167 22187 33881 33886 
8003 8005 18241 22167 33872 33873 33881 33886 
8003 8005 18241 22168 22175 22180 33872 33886 
8003 8005 18241 22168 22175 33872 33881 33886 
8003 8005 18241 22168 22175 33885 33886 
8003 8005 18241 22175 33872 33873 33881 33886 
8003 8005 18241 22180 22187 33872 
8003 8005 18241 22180 33872 33881 
8003 8005 18241 22187 33872 33881 
8003 8005 18241 33872 33885 33886 
8003 8005 18241 33881 33885 
8003 8005 18926 22175 33881 33886 
8003 8005 18926 33872 33873 33881 
8003 8005 18926 33872 33881 33885 
8003 8005 18926 33885 33886 
8003 8005 22167 22168 22175 22180 22187 33872 33886 
8003 8005 22167 22168 22175 22180 33872 33881 33886 
8003 8005 22167 22168 22175 22187 33872 33881 33886 
8003 8005 22167 22168 22175 22187 33885 33886 
8003 8005 22167 22168 22175 33881 33885 33886 
8003 8005 22167 22180 22187 33872 33881 33886 
8003 8005 22167 22187 33881 33885 33886 
8003 8005 22167 33872 33885 33886 
8003 8005 22168 22175 22180 22187 33872 33881 33886 33887 
8003 8005 22168 22175 22180 33872 33885 33886 
8003 8005 22168 22175 22187 33881 33885 33886 
8003 8005 22168 22175 33872 33881 33885 33886 
8003 8005 22180 22187 33872 33881 33885 
8003 8005 22187 33872 33885 33886 
8003 8005 22179 33872 33885 
8003 8012 18918 33881 
8003 8012 22175 33872 33881 
8003 8012 22175 33881 33885 
8003 8012 22175 33881 33886 
8003 8012 22187 33881 
8003 8012 33872 33879 33881 
8003 8012 33872 33881 33885 
8003 8012 33873 33879 33881 
8003 8012 33879 33881 33885 
8003 8012 33873 33881 33885 
8003 16985 22180 33872 
8003 16985 22187 33872 
8003 16985 33872 33881 
8003 16991 18248 
8003 16991 22180 33872 
8003 16991 22187 
8003 16991 33872 33881 33884 
8003 18240 18241 18248 18918 18928 33872 33885 
8003 18240 18241 18248 18918 18928 33885 33886 
8003 18240 18241 18248 22175 22178 33872 33884 33886 
8003 18240 18241 18248 22175 33881 33886 
8003 18240 18241 18248 22178 33872 33881 33886 
8003 18240 18241 18248 22187 33872 
8003 18240 18241 18248 22187 33881 
8003 18240 18241 18248 33872 33881 33884 
8003 18240 18241 18248 33881 33885 
8003 18240 18248 22167 22175 33886 
8003 18240 18248 22167 22180 33872 33886 
8003 18240 18248 22167 22187 33886 
8003 18240 18248 22167 33881 33886 
8003 18240 18248 22175 22180 33872 33886 
8003 18240 18248 22175 22187 33886 
8003 18240 18248 22175 33872 33881 33886 
8003 18240 18248 22180 22187 33872 
8003 18240 18248 22180 33872 33881 
8003 18240 18248 22180 33872 33884 33886 
8003 18240 18248 22187 33872 33881 
8003 18240 18248 22187 33872 33884 
8003 18240 18248 22187 33872 33886 
8003 18240 18248 22187 33881 33886 
8003 18240 18248 33872 33881 33884 33886 
8003 18241 18248 18928 22175 33885 33886 
8003 18241 18248 18928 22178 33872 33885 33886 
8003 18241 18248 18928 33872 33884 33885 
8003 18241 18248 18928 33881 33885 
8003 18241 18248 22175 22178 33872 33881 33886 
8003 18241 18248 22175 22187 33886 
8003 18241 18248 22178 22187 33872 33886 
8003 18241 18248 22178 33872 33881 33884 33886 
8003 18241 18248 22187 33872 33881 
8003 18241 18248 22187 33872 33884 
8003 18241 18248 22187 33881 33886 
8003 18248 22167 22175 22180 33872 33886 
8003 18248 22167 22175 22187 33886 
8003 18248 22167 22175 33881 33886 
8003 18248 22167 22180 22187 33872 33886 
8003 18248 22167 22180 33872 33881 33886 
8003 18248 22167 22180 33872 33884 33886 
8003 18248 22167 22187 33881 33886 
8003 18248 22175 22180 33872 33884 33886 
8003 18248 22175 22187 33872 33886 
8003 18248 22175 22187 33881 33886 
8003 18248 22175 33872 33881 33884 33886 
8003 18248 22180 22187 33872 33881 
8003 18248 22180 22187 33872 33884 
8003 18248 22180 33872 33881 33884 
8003 18248 22180 33872 33887 
8003 18248 22187 33872 33881 33884 
8003 18248 22187 33872 33881 33886 
8003 18248 22187 33872 33884 33886 
8003 18248 22187 33881 33887 
8003 18248 22190 
8003 18918 18925 
8003 18918 18926 33872 33881 33885 
8003 18918 22175 33872 33885 33886 
8003 18918 22175 33881 33885 
8003 18918 22187 33872 33881 33885 
8003 18918 33872 33879 33885 
8003 18918 33881 33885 33886 
8003 18926 22167 22175 33881 
8003 18926 22175 33872 33881 33885 
8003 18926 22175 33872 33881 33886 
8003 18926 22175 33881 33885 33886 
8003 18926 22179 33885 
8003 18926 22187 33872 33881 33885 
8003 22167 22175 22180 22187 33872 33881 33886 33887 
8003 22167 22175 22180 33872 33884 
8003 22167 22175 22180 33872 33885 
8003 22167 22175 22187 33872 33884 
8003 22167 22175 22187 33872 33885 
8003 22167 22175 22187 33881 33885 33886 
8003 22167 22175 22187 33881 33885 33887 
8003 18241 22167 22175 33872 33873 33881 33886 
8003 22167 22175 33872 33881 33884 
8003 22167 22175 33872 33881 33885 
8003 22167 22175 33872 33884 33886 
8003 22167 22175 33872 33885 33886 
8003 22167 22180 22187 33872 33884 
8003 22167 22180 22187 33872 33885 
8003 22167 22180 33872 33881 33884 
8003 22167 22180 33872 33881 33885 
8003 22167 22180 33872 33885 33886 
8003 22167 22187 33872 33881 33884 
8003 22167 22187 33872 33881 33885 
8003 22167 22187 33872 33884 33886 
8003 22167 22187 33872 33885 33886 
8003 22167 33872 33881 33884 33886 
8003 22167 33872 33881 33885 33886 
8003 22175 22179 33872 33881 33885 33886 
8003 22175 22180 22187 33872 33884 
8003 22175 22180 22187 33872 33885 
8003 22175 22180 33872 33881 33884 
8003 22175 22180 33872 33881 33885 
8003 22175 22187 33872 33881 33884 33886 
8003 22175 22187 33872 33881 33885 33886 
8003 22175 22187 33881 33885 33886 33887 
8003 18241 22175 33872 33881 33884 33886 
8003 22175 33872 33884 33885 33886 
8003 18928 22175 33872 33885 33886 
8003 22175 33879 33886 
8003 22180 22187 33872 33884 33886 
8003 22180 22187 33872 33885 33886 
8003 22180 22190 33872 
8003 22180 22191 33872 33885 
8003 22180 33872 33879 
8003 22180 33872 33881 33884 33886 
8003 22180 33872 33881 33885 33886 
8003 22187 22190 
8003 18241 22187 33872 33881 33884 
8003 22187 33872 33881 33884 33885 
8003 18241 22187 33872 33884 33886 
8003 22179 22187 33872 33885 
8003 33872 33881 33883 
8003 18928 33872 33881 33885 
8003 18241 33872 33884 33885 33886 
8003 18928 33872 33884 33885 33886 
8003 33873 33879 33881 33885 
8003 33879 33881 33886 
8003 18928 33881 33885 33886 
8003 22191 33881 33885 
8003 47842 
16515 26072 
16515 30806 30818 
16515 30818 36503 
16515 36495 
16515 106081 
16515 109173 
18515 20349 20350 22737 22738 
18515 20349 20350 22738 22739 
18515 20349 22737 22738 22739 33979 
18515 20350 22738 33979 
18515 22737 22738 33979 33984 
18515 22737 22738 33980 
22179 22180 22187 33872 33885 
22187 22191 33881 33885 33887 
22187 22192 33872 33873 33886 33887 
22187 33879 33881 33885 
22187 33879 33887 
27682 27687 27688 53437 53438 53439 53445 53446 53447 53448 
27682 27687 27688 53437 53438 53445 53446 53448 86289 
27682 27687 27688 53437 53438 53445 53446 53448 86290 
27682 27687 27688 53437 53438 53445 53448 86289 86290 
27682 27687 27688 53437 53438 53445 53448 86292 
27682 27687 27688 53437 53438 53445 53448 86294 
27682 27687 27688 53437 53445 53446 53447 53448 86289 
27682 27687 27688 53437 53445 53446 53447 53448 86290 
27682 27687 27688 53437 53445 53446 53448 86289 86290 
27682 27687 27688 53437 53445 53446 53448 86292 
27682 27687 27688 53437 53445 53446 53448 86294 
27682 27687 27688 53437 53445 53448 86292 86294 
27682 27687 27688 53438 53445 53446 53447 53448 86289 86290 
27682 27687 27688 53438 53445 53446 53447 53448 86291 
27682 27687 27688 53438 53445 53446 53447 53448 86294 
27682 27687 27688 53438 53445 53446 53448 86289 86294 
27682 27687 27688 53438 53445 53446 53448 86290 86294 
27682 27687 27688 53438 53445 53446 53448 86292 
27682 27687 27688 53438 53445 53448 86289 86290 86294 
27682 27687 27688 53438 53445 53448 86292 86294 
27682 27687 27688 53438 53446 53447 86292 
27682 27687 27688 53438 86290 86292 
27682 27687 27688 53439 53445 53448 86289 
27682 27687 27688 53439 53445 53448 86290 
27682 27687 27688 53439 53445 53448 86292 
27682 27687 27688 53445 53446 53447 53448 86289 86291 
27682 27687 27688 53445 53446 53447 53448 86289 86294 
27682 27687 27688 53445 53446 53447 53448 86290 86291 
27682 27687 27688 53445 53446 53447 53448 86290 86294 
27682 27687 27688 53445 53446 53447 53448 86292 
27682 27687 27688 53445 53446 53447 86289 86290 86291 
27682 27687 27688 53445 53446 53447 86289 86290 86294 
27682 27687 27688 53445 53446 53447 86291 86294 
27682 27687 27688 53445 53446 53448 86289 86290 86294 
27682 27687 27688 53445 53446 53448 86292 86294 
27682 27687 27688 53445 53448 86289 86292 
27682 27687 27688 53445 53448 86290 86292 
27682 27687 27688 53446 86290 86292 
27682 27687 53437 53438 53445 53446 53448 86289 86290 
27682 27687 53437 53438 53445 53446 53448 86292 
27682 27687 53437 53438 53445 53446 53448 86294 
27682 27687 53437 53438 53445 53447 53448 86290 
27682 27687 53437 53438 53445 53448 86290 86292 
27682 27687 53437 53438 53445 53448 86292 86294 
27682 27687 53437 53439 53445 53448 86289 
27682 27687 53437 53439 53445 53448 86290 
27682 27687 53437 53439 53445 53448 86292 
27682 27687 53437 53445 53446 53447 53448 86289 86290 
27682 27687 53437 53445 53446 53447 53448 86291 
27682 27687 53437 53445 53446 53447 53448 86292 
27682 27687 53437 53445 53446 53447 53448 86294 
27682 27687 53437 53445 53446 53448 86289 86292 
27682 27687 53437 53445 53446 53448 86289 86294 
27682 27687 53437 53445 53446 53448 86290 86292 
27682 27687 53437 53445 53446 53448 86290 86294 
27682 27687 53437 53445 53446 53448 86292 86294 
27682 27687 53437 53445 53448 86289 86290 86292 
27682 27687 53437 53445 53448 86289 86290 86294 
27682 27687 53437 53445 53448 86289 86292 86294 
27682 27687 53437 53445 53448 86290 86292 86294 
27682 27687 53438 53445 53446 53447 86290 86291 
27682 27687 53438 53445 53446 53447 86290 86294 
27682 27687 53438 53445 53446 53448 86289 86290 86294 
27682 27687 53438 53445 53446 53448 86289 86291 
27682 27687 53438 53445 53446 53448 86290 86291 
27682 27687 53438 53445 53446 53448 86292 86294 
27682 27687 53438 53445 53446 86291 86294 
27682 27687 53438 53445 53447 53448 86292 
27682 27687 53438 53445 53448 86289 86292 
27682 27687 53438 53446 86290 86292 
27682 27687 53439 53445 53446 53447 53448 86289 
27682 27687 53439 53445 53446 53447 53448 86290 
27682 27687 53439 53445 53446 53447 53448 86292 
27682 27687 53439 53445 53448 86289 86290 
27682 27687 53439 53445 53448 86292 86294 
27682 27687 53445 53446 53447 53448 86289 86290 86291 
27682 27687 53445 53446 53447 53448 86289 86290 86294 
27682 27687 53445 53446 53447 53448 86291 86294 
27682 27687 53445 53446 53447 53448 86292 86294 
27682 27687 53445 53446 53447 86289 86291 86294 
27682 27687 53445 53446 53447 86290 86291 86294 
27682 27687 53445 53446 53448 86289 86290 86292 
27682 27687 53445 53446 53448 86289 86291 86294 
27682 27687 53445 53446 53448 86289 86292 86294 
27682 27687 53445 53446 53448 86290 86291 86294 
27682 27687 53445 53446 53448 86290 86292 86294 
27682 27687 53445 53446 86289 86290 86291 86294 
27682 27687 53445 53447 53448 86290 86292 
27682 27687 53445 53448 86289 86290 86292 86294 
27682 27687 53446 53447 86290 86292 
27682 27688 53437 53438 53446 53447 53448 86289 
27682 27688 53437 53438 53446 53447 53448 86290 
27682 27688 53437 53438 53446 53448 86289 86290 
27682 27688 53437 53438 53446 53448 86292 
27682 27688 53437 53438 53446 53448 86294 
27682 27688 53437 53438 53448 86292 86294 
27682 27688 53437 53439 53448 86289 
27682 27688 53437 53439 53448 86290 
27682 27688 53437 53439 53448 86292 
27682 27688 53437 53446 53447 53448 86289 86290 
27682 27688 53437 53446 53447 53448 86291 
27682 27688 53437 53446 53447 53448 86292 
27682 27688 53437 53446 53447 53448 86294 
27682 27688 53437 53446 53448 86292 86294 
27682 27688 53437 53448 86289 86292 
27682 27688 53437 53448 86289 86294 
27682 27688 53437 53448 86290 86292 
27682 27688 53437 53448 86290 86294 
27682 27688 53438 53439 53448 86289 
27682 27688 53438 53439 53448 86290 
27682 27688 53438 53439 53448 86292 
27682 27688 53438 53446 53447 53448 86289 86291 
27682 27688 53438 53446 53447 53448 86289 86294 
27682 27688 53438 53446 53447 53448 86290 86291 
27682 27688 53438 53446 53447 53448 86290 86294 
27682 27688 53438 53446 53447 53448 86292 
27682 27688 53438 53446 53448 86289 86290 86294 
27682 27688 53438 53446 53448 86292 86294 
27682 27688 53438 53446 86290 86292 
27682 27688 53438 53448 86289 86292 
27682 27688 53438 53448 86290 86292 
27682 27688 53439 53446 53447 53448 86289 
27682 27688 53439 53446 53447 53448 86290 
27682 27688 53439 53446 53447 53448 86292 
27682 27688 53439 53448 86289 86290 
27682 27688 53439 53448 86292 86294 
27682 27688 53446 53447 53448 86289 86290 86291 
27682 27688 53446 53447 53448 86289 86290 86294 
27682 27688 53446 53447 53448 86291 86294 
27682 27688 53446 53447 53448 86292 86294 
27682 27688 53446 53447 86289 86291 86294 
27682 27688 53446 53447 86290 86291 86294 
27682 27688 53446 53447 86290 86292 
27682 27688 53446 53448 86289 86292 
27682 27688 53446 53448 86290 86292 
27682 27688 53448 86289 86290 86292 
27682 27688 53448 86289 86292 86294 
27682 27688 53448 86290 86292 86294 
27682 53437 53438 53445 53447 53448 86292 
27682 53437 53438 53446 53448 86292 86294 
27682 53437 53438 53447 53448 86291 
27682 53437 53438 53447 53448 86294 
27682 53437 53438 53448 86289 86292 
27682 53437 53438 53448 86289 86294 
27682 53437 53438 53448 86290 86294 
27682 53437 53439 53446 53447 53448 86289 
27682 53437 53439 53446 53447 53448 86290 
27682 53437 53439 53446 53447 53448 86292 
27682 53437 53439 53448 86289 86290 
27682 53437 53439 53448 86292 86294 
27682 53437 53445 53447 53448 86292 86294 
27682 53437 53446 53447 53448 86292 86294 
27682 53437 53446 53448 86289 86290 86292 
27682 53437 53446 53448 86289 86290 86294 
27682 53437 53446 53448 86289 86291 
27682 53437 53446 53448 86289 86292 86294 
27682 53437 53446 53448 86290 86291 
27682 53437 53446 53448 86290 86292 86294 
27682 53437 53447 53448 86290 86292 
27682 53437 53448 86289 86290 86292 86294 
27682 53437 53448 86291 86294 
27682 53438 53445 53447 86289 86294 
27682 53438 53445 53447 86291 86294 
27682 53438 53445 53448 86291 86294 
27682 53438 53446 53447 86291 86294 
27682 53438 53446 53448 86289 86290 86291 
27682 53438 53446 53448 86289 86292 
27682 53438 53446 53448 86290 86292 
27682 53438 53446 53448 86291 86294 
27682 53438 53446 86290 86291 86294 
27682 53438 53447 53448 86291 86294 
27682 53438 53447 53448 86292 86294 
27682 53438 53448 86289 86290 86292 
27682 53438 53448 86289 86292 86294 
27682 53438 53448 86290 86292 86294 
27682 53439 53446 53447 53448 86289 86290 
27682 53439 53446 53447 53448 86292 86294 
27682 53446 53447 53448 86289 86291 86294 
27682 53446 53447 53448 86289 86292 
27682 53446 53447 53448 86290 86291 86294 
27682 53446 53447 53448 86290 86292 
27682 53446 53447 86289 86290 86291 86294 
27682 53446 53448 86289 86290 86291 86294 
27682 53446 53448 86289 86290 86292 86294 
27682 53439 53448 86289 86292 
27682 53439 53448 86290 86292 
30818 30822 
30818 34067 
30818 48055 
30818 96937 
30818 102292 
30818 102316 
30818 106081 
30818 106101 
30818 109173 
30818 125113 
30818 132303 
36530 131132 
36530 132331 
36530 132340 
36538 109214 
49594 49596 
49658 49689 49698 
102299 132454 
114699 131132 
132331 132340 
132411 132454 
