10751 10752 
13439 14264 
13983 13985 
14695 14696 14697 14698 14711 14712 14717 14723 
14695 14696 14697 14710 14711 14712 14717 14723 
14695 14696 14697 14711 14712 14717 14718 14723 
14695 14696 14698 14710 14712 
14695 14696 14698 14712 14718 
14695 14696 14710 14711 14712 14717 14718 14723 
14695 14698 14710 14711 14712 14717 14723 
27337 32114 
10530 10531 10535 
10770 10881 
10842 10844 10883 
10842 10858 
13362 13434 
13362 13452 
13362 13482 
13362 14260 
13362 14304 
13434 13482 
14690 14695 14696 14710 14712 14718 
16394 32700 32722 
32690 32692 32722 32723 32731 
32690 32693 32694 32722 32731 
32690 32693 32698 32722 32723 32731 
32690 32694 32722 32723 32731 
32690 32722 32729 32731 
32698 32700 32722 
32698 32700 32731 
32525 32527 32722 32728 
32525 32528 32704 
32693 32698 32700 
14688 14689 14690 14692 14696 14710 14712 14718 
14688 14689 14690 14695 14696 14710 
14688 14689 14691 14692 14696 14710 14711 14712 14717 14723 
14688 14689 14691 14692 14696 14711 14712 14717 14718 14723 
14688 14689 14692 14695 14696 14712 
14688 14689 14692 14695 14698 14712 
14688 14689 14692 14695 14710 14712 
14688 14689 14692 14695 14711 14712 14717 14723 
14696 14698 14710 14711 14712 14717 14723 
14696 14698 14710 14712 14718 
14696 14698 14711 14712 14717 14718 14723 
20248 20249 20251 20252 24083 25123 25124 25722 
26919 26936 
26935 26936 
32495 32722 
9435 13362 
9435 13439 
14691 14692 14695 14697 14712 14717 14723 
14691 14696 14697 14717 14723 
32523 32525 32528 32705 32731 
32523 32526 32527 32528 32721 32722 32723 32731 
32523 32526 32527 32528 32722 32723 32728 32729 32731 
32523 32527 32693 
32523 32528 32529 32693 32731 
32523 32528 32694 32731 
4084 4085 4089 
4084 4087 4089 
4084 4089 10844 
4084 10840 
10844 10858 10861 10883 
16388 16394 32524 32527 32692 
16388 16397 
16388 16398 32526 32527 32528 32722 32723 32731 
16388 16398 32527 32692 32702 32722 32728 
16388 32519 32527 
16388 32523 32526 32527 32528 32690 32722 32723 32731 
16388 32524 32527 32529 
16388 32526 32527 32528 32529 32698 32722 32723 32731 
16388 32526 32527 32528 32692 32702 32722 32723 32728 32729 32731 
16388 32526 32527 32528 32694 32722 32723 32731 
16388 32527 32529 32692 32729 
16388 32527 32529 32694 
16388 32527 32692 32694 32729 
16388 32527 32585 32692 32729 
16396 32722 
26020 30560 
27324 27337 
32524 32528 32529 32693 32698 
32524 32528 32529 32698 32700 
32524 32528 32529 32698 32722 
32524 32528 32529 32698 32731 
32524 32529 32694 
32524 32700 32722 
32628 32694 
32692 32694 32722 32723 32731 
32700 32701 
3255 14304 
4087 10858 10861 
4087 10844 10883 
16398 32523 32528 32731 
16398 32528 32529 32628 32731 
16398 32528 32622 32694 32731 
16398 32523 32693 
16398 32693 32731 
16398 32700 
16398 32690 32722 32723 32731 
16398 32698 32722 32723 32731 
16398 32694 32722 32723 32731 
32694 32698 32722 32723 32731 
32694 32722 32729 32731 
10881 10904 
11921 11922 
14689 14690 14691 14692 14696 14710 14711 14712 14717 14718 14723 
14689 14691 14692 14695 14696 14711 14712 14717 14723 
14689 14692 14695 14696 14710 14712 
14689 14692 14695 14696 14712 14718 
14689 14692 14695 14710 14711 14712 14717 14723 
14689 14692 14696 14698 14712 
14689 14692 14698 14710 14712 
14689 14692 14698 14711 14712 14717 14723 
14817 14819 
32520 32523 
32520 32527 
32520 32528 32731 
32528 32529 32693 32698 32722 
32528 32529 32694 32731 
32528 32627 32731 
32704 32705 
